desc: I1 cache:         4096 B, 64 B, 64-way associative
desc: D1 cache:         8192 B, 64 B, 8-way associative
desc: LL cache:         16384 B, 64 B, 64-way associative
cmd: echo "Hello"
events: Ir I1mr ILmr Dr D1mr DLmr Dw D1mw DLmw 
fl=/build/glibc-3Vu5mt/glibc-2.19/csu/../csu/init-first.c
fn=_init
52 8 1 1 0 0 0 4 0 0
58 4 1 1 1 1 1 1 1 1
65 5 1 1 4 2 2 0 0 0
70 1 0 0 0 0 0 1 1 1
71 1 0 0 0 0 0 1 0 0
72 2 0 0 1 1 1 1 1 1
86 4 0 0 0 0 0 1 0 0
94 1 0 0 0 0 0 1 0 0
99 6 0 0 5 0 0 0 0 0
fl=/build/glibc-3Vu5mt/glibc-2.19/csu/../sysdeps/generic/dl-hash.h
fn=_init
43 1 0 0 0 0 0 0 0 0
44 1 0 0 0 0 0 0 0 0
45 13 0 0 4 1 1 0 0 0
48 12 0 0 0 0 0 0 0 0
49 8 0 0 0 0 0 0 0 0
62 8 0 0 0 0 0 0 0 0
67 1 1 1 0 0 0 0 0 0
fl=/build/glibc-3Vu5mt/glibc-2.19/csu/../sysdeps/unix/sysv/linux/x86_64/init-first.c
fn=_init
38 7 1 1 0 0 0 4 0 0
40 4 0 0 0 0 0 1 0 0
41 2 0 0 0 0 0 0 0 0
42 2 1 1 0 0 0 0 0 0
43 2 1 1 1 1 0 0 0 0
44 1 0 0 0 0 0 1 1 1
46 3 0 0 0 0 0 1 0 0
50 3 0 0 0 0 0 0 0 0
51 2 0 0 1 0 0 0 0 0
52 1 0 0 0 0 0 1 0 0
fl=/build/glibc-3Vu5mt/glibc-2.19/csu/../sysdeps/x86_64/multiarch/init-arch.c
fn=__init_cpu_features
31 7 1 1 0 0 0 4 0 0
37 3 0 0 0 0 0 0 0 0
38 3 1 1 0 0 0 0 0 0
39 2 0 0 0 0 0 0 0 0
45 1 0 0 0 0 0 1 0 0
54 3 1 1 0 0 0 1 0 0
57 6 0 0 0 0 0 0 0 0
59 3 1 1 0 0 0 0 0 0
65 3 0 0 0 0 0 0 0 0
66 2 0 0 0 0 0 0 0 0
71 2 0 0 0 0 0 0 0 0
74 12 0 0 0 0 0 0 0 0
101 2 2 2 0 0 0 0 0 0
123 1 0 0 1 1 1 0 0 0
127 1 0 0 0 0 0 0 0 0
152 2 1 1 1 0 0 0 0 0
153 7 0 0 0 0 0 4 0 0
160 3 1 1 1 0 0 0 0 0
164 2 0 0 0 0 0 0 0 0
166 3 0 0 0 0 0 0 0 0
170 2 1 1 0 0 0 0 0 0
171 1 0 0 1 0 0 0 0 0
173 2 0 0 0 0 0 0 0 0
176 2 0 0 1 0 0 0 0 0
192 6 1 1 0 0 0 0 0 0
193 5 0 0 0 0 0 0 0 0
194 4 0 0 0 0 0 0 0 0
195 4 1 1 0 0 0 0 0 0
199 1 0 0 0 0 0 1 0 0
200 1 0 0 0 0 0 1 0 0
202 1 0 0 0 0 0 1 0 0
203 2 0 0 2 0 0 0 0 0
fl=/build/glibc-3Vu5mt/glibc-2.19/csu/libc-start.c
fn=(below main)
133 10 1 1 0 0 0 8 0 0
137 7 2 2 1 0 0 1 0 0
219 2 0 0 0 0 0 0 0 0
220 4 0 0 0 0 0 1 0 0
242 6 0 0 2 0 0 0 0 0
245 2 0 0 0 0 0 0 0 0
246 5 1 1 4 0 0 1 0 0
250 4 0 0 2 1 1 0 0 0
265 2 0 0 0 0 0 0 0 0
274 2 0 0 0 0 0 1 0 0
275 2 1 1 0 0 0 0 0 0
280 2 0 0 1 1 1 1 0 0
281 2 0 0 1 1 1 1 0 0
284 2 0 0 0 0 0 1 0 0
287 6 0 0 5 0 0 1 0 0
fl=/build/glibc-3Vu5mt/glibc-2.19/ctype/ctype-info.c
fn=__ctype_init
31 7 2 2 5 4 3 1 0 0
33 4 0 0 2 1 1 1 0 0
35 5 0 0 3 0 0 1 0 0
fl=/build/glibc-3Vu5mt/glibc-2.19/elf/../elf/dl-runtime.c
fn=_dl_fixup
66 100 8 3 0 0 0 60 1 1
68 20 0 0 20 0 0 0 0 0
69 40 0 0 40 7 4 0 0 0
72 100 0 0 40 16 12 0 0 0
73 140 8 5 40 20 20 20 0 0
74 60 0 0 40 1 1 0 0 0
79 40 0 0 0 0 0 0 0 0
83 40 0 0 20 16 16 0 0 0
85 2 1 1 0 0 0 0 0 0
87 60 8 4 20 6 6 0 0 0
91 38 0 0 38 14 13 0 0 0
92 76 0 0 19 2 2 0 0 0
94 76 0 0 19 5 5 0 0 0
100 20 8 4 0 0 0 0 0 0
101 60 0 0 20 1 1 0 0 0
108 40 0 0 20 3 3 20 0 0
111 200 5 3 40 6 6 60 0 0
115 60 0 0 20 0 0 0 0 0
119 80 0 0 20 0 0 20 0 0
125 120 8 4 40 0 0 0 0 0
133 20 0 0 20 0 0 0 0 0
141 80 0 0 20 0 0 0 0 0
145 60 0 0 20 2 2 0 0 0
149 100 0 0 80 0 0 0 0 0
fl=/build/glibc-3Vu5mt/glibc-2.19/elf/../elf/dl-sysdep.c
fn=_dl_sysdep_start
86 8 1 1 0 0 0 7 2 2
87 2 0 0 0 0 0 0 0 0
88 1 0 0 0 0 0 0 0 0
110 1 0 0 0 0 0 1 0 0
111 114 2 2 36 5 5 4 3 3
114 2 0 0 0 0 0 1 0 0
115 1 0 0 0 0 0 1 1 1
117 90 2 2 23 4 4 10 0 0
118 111 1 1 21 2 2 0 0 0
121 1 0 0 1 1 1 0 0 0
122 1 0 0 0 0 0 0 0 0
124 1 0 0 1 0 0 0 0 0
125 1 0 0 0 0 0 0 0 0
127 1 1 1 1 0 0 0 0 0
128 1 0 0 0 0 0 0 0 0
130 1 0 0 1 0 0 0 0 0
131 1 0 0 0 0 0 0 0 0
151 1 1 1 1 0 0 0 0 0
152 1 0 0 0 0 0 0 0 0
154 1 0 0 1 0 0 0 0 0
155 1 0 0 0 0 0 0 0 0
157 1 1 1 1 0 0 0 0 0
158 1 0 0 0 0 0 0 0 0
163 1 0 0 1 0 0 0 0 0
164 1 0 0 0 0 0 0 0 0
179 1 0 0 1 0 0 0 0 0
180 1 0 0 0 0 0 0 0 0
232 3 1 1 0 0 0 2 0 0
234 5 1 1 0 0 0 1 0 0
246 3 0 0 1 0 0 0 0 0
249 6 0 0 2 0 0 1 0 0
250 1 1 1 1 1 1 0 0 0
251 8 1 1 7 1 1 0 0 0
fn=_dl_sysdep_start_cleanup
256 1 1 1 1 0 0 0 0 0
fl=/build/glibc-3Vu5mt/glibc-2.19/elf/../misc/sbrk.c
fn=sbrk
34 4 1 1 0 0 0 2 0 0
42 6 0 0 2 1 1 0 0 0
46 2 1 1 0 0 0 0 0 0
57 5 0 0 3 0 0 0 0 0
fl=/build/glibc-3Vu5mt/glibc-2.19/elf/../sysdeps/unix/sysv/linux/dl-osinfo.h
fn=dl_main
86 2 0 0 1 1 1 0 0 0
112 1 0 0 1 0 0 0 0 0
fl=/build/glibc-3Vu5mt/glibc-2.19/elf/../sysdeps/unix/sysv/linux/dl-sysdep.c
fn=_dl_discover_osversion
45 7 1 1 0 0 0 6 0 0
47 3 0 0 1 0 0 0 0 0
87 5 1 1 0 0 0 1 1 1
102 1 1 1 0 0 0 0 0 0
106 1 0 0 0 0 0 0 0 0
107 1 0 0 0 0 0 0 0 0
109 12 0 0 3 1 1 0 0 0
111 6 0 0 0 0 0 0 0 0
113 17 0 0 4 0 0 0 0 0
115 1 0 0 0 0 0 0 0 0
116 2 0 0 0 0 0 0 0 0
119 3 0 0 0 0 0 0 0 0
120 3 1 1 0 0 0 0 0 0
121 3 0 0 0 0 0 0 0 0
123 13 0 0 0 0 0 0 0 0
128 2 0 0 0 0 0 0 0 0
132 8 0 0 7 0 0 0 0 0
fn=_dl_sysdep_start
35 2 0 0 0 0 0 1 0 0
fl=/build/glibc-3Vu5mt/glibc-2.19/elf/../sysdeps/unix/sysv/linux/dl-vdso.c
fn=_dl_vdso_vsym
26 4 0 0 0 0 0 0 0 0
27 8 2 2 8 3 3 0 0 0
28 8 2 2 4 0 0 0 0 0
31 8 0 0 0 0 0 0 0 0
fl=/build/glibc-3Vu5mt/glibc-2.19/elf/../sysdeps/unix/sysv/linux/x86_64/brk.c
fn=brk
28 1 0 0 0 0 0 0 0 0
31 7 1 1 0 0 0 1 1 1
33 2 0 0 0 0 0 0 0 0
39 1 0 0 0 0 0 0 0 0
40 1 0 0 1 0 0 0 0 0
fl=/build/glibc-3Vu5mt/glibc-2.19/elf/../sysdeps/x86_64/dl-irel.h
fn=_dl_fixup
32 3 1 1 0 0 0 1 0 0
fl=/build/glibc-3Vu5mt/glibc-2.19/elf/../sysdeps/x86_64/dl-machine.h
fn=_dl_fixup
210 20 0 0 0 0 0 20 0 0
fn=_dl_relocate_object
71 16 3 2 4 0 0 0 0 0
77 6 2 2 6 3 3 0 0 0
81 9 0 0 3 3 3 0 0 0
87 3 0 0 0 0 0 3 0 0
95 9 2 2 3 0 0 0 0 0
108 6 0 0 0 0 0 3 0 0
111 12 0 0 3 3 3 0 0 0
244 208 0 0 0 0 0 0 0 0
265 208 0 0 0 0 0 0 0 0
269 208 0 0 0 0 0 0 0 0
276 4194 22 18 829 90 89 742 4 3
278 475 0 0 196 2 1 0 0 0
281 392 0 0 98 0 0 0 0 0
287 728 1 1 104 4 4 0 0 0
320 2 0 0 0 0 0 0 0 0
321 3 1 1 1 0 0 1 0 0
382 30 1 1 10 0 0 0 0 0
386 50 0 0 10 1 1 0 0 0
391 50 1 1 20 1 1 10 8 8
410 267 3 2 89 10 10 89 17 15
422 18 3 2 0 0 0 6 0 0
449 12 2 2 4 0 0 0 0 0
453 24 0 0 12 1 1 4 0 0
455 12 0 0 8 0 0 0 0 0
456 4 0 0 0 0 0 0 0 0
487 3582 0 0 1194 298 298 0 0 0
492 2388 2 2 0 0 0 0 0 0
493 3582 0 0 1194 150 150 1194 225 225
503 125 0 0 65 0 0 0 0 0
507 120 0 0 0 0 0 0 0 0
509 180 0 0 60 0 0 0 0 0
510 60 0 0 60 8 8 0 0 0
527 10 0 0 10 0 0 0 0 0
528 15 0 0 0 0 0 5 0 0
529 10 0 0 5 0 0 5 0 0
530 10 0 0 0 0 0 5 0 0
fn=_dl_start
58 3 1 1 1 1 1 0 0 0
241 9 0 0 0 0 0 0 0 0
269 18 0 0 0 0 0 0 0 0
278 36 0 0 18 2 2 0 0 0
281 36 0 0 9 5 5 0 0 0
287 55 0 0 9 1 1 0 0 0
391 9 1 1 9 1 1 0 0 0
400 9 0 0 0 0 0 9 2 2
492 20 1 1 10 1 1 0 0 0
493 30 0 0 10 1 1 10 2 2
fn=_dl_sysdep_start
200 5 0 0 2 1 1 0 0 0
fl=/build/glibc-3Vu5mt/glibc-2.19/elf/../sysdeps/x86_64/dl-trampoline.S
fn=_dl_runtime_resolve
34 20 8 4 0 0 0 0 0 0
36 20 0 0 0 0 0 20 0 0
37 20 0 0 0 0 0 20 0 0
38 20 5 3 0 0 0 20 0 0
39 20 0 0 0 0 0 20 0 0
40 20 0 0 0 0 0 20 0 0
41 20 0 0 0 0 0 20 0 0
42 20 0 0 0 0 0 20 0 0
43 20 0 0 20 0 0 0 0 0
44 20 0 0 20 0 0 0 0 0
45 20 0 0 0 0 0 20 0 0
46 20 0 0 0 0 0 0 0 0
47 20 0 0 20 0 0 0 0 0
48 20 0 0 20 0 0 0 0 0
49 20 0 0 20 0 0 0 0 0
50 20 0 0 20 0 0 0 0 0
51 20 8 4 20 0 0 0 0 0
52 20 0 0 20 0 0 0 0 0
53 20 0 0 20 0 0 0 0 0
54 20 0 0 0 0 0 0 0 0
56 20 0 0 0 0 0 0 0 0
fl=/build/glibc-3Vu5mt/glibc-2.19/elf/dl-addr.c
fn=_dl_addr
30 2 0 0 1 0 0 1 0 0
31 2 0 0 1 0 0 1 0 0
34 2 0 0 1 0 0 0 0 0
38 1 0 0 1 0 0 0 0 0
39 1 0 0 1 0 0 0 0 0
40 3 1 1 2 0 0 1 0 0
42 2 0 0 2 1 1 0 0 0
45 2 0 0 1 1 1 0 0 0
50 2029 0 0 2 0 0 0 0 0
52 1011 0 0 1011 64 64 0 0 0
53 2022 0 0 0 0 0 0 0 0
55 4927 1 1 905 0 0 0 0 0
61 11060 0 0 2212 475 475 0 0 0
63 8848 0 0 2212 0 0 0 0 0
64 16231 1 1 5080 355 355 0 0 0
69 2212 0 0 0 0 0 0 0 0
71 7647 1 1 2212 139 139 0 0 0
99 3 0 0 1 1 1 0 0 0
100 1 0 0 0 0 0 1 1 1
101 3 0 0 1 0 0 0 0 0
104 2 0 0 0 0 0 0 0 0
116 1 1 1 0 0 0 1 1 1
117 1 0 0 0 0 0 1 0 0
126 11 1 1 0 0 0 8 0 0
131 3 0 0 2 2 2 1 1 1
133 2 0 0 0 0 0 1 0 0
135 2 1 1 0 0 0 0 0 0
138 2 0 0 0 0 0 0 0 0
141 3 1 1 2 2 2 1 1 1
144 9 0 0 7 0 0 0 0 0
fl=/build/glibc-3Vu5mt/glibc-2.19/elf/dl-altinit.c
fn=dlinit_alt
33 3 0 0 2 0 0 0 0 0
34 1 0 0 1 0 0 0 0 0
fl=/build/glibc-3Vu5mt/glibc-2.19/elf/dl-cache.c
fn=_dl_cache_libcmp
139 165 1 1 55 0 0 0 0 0
141 162 0 0 0 0 0 0 0 0
143 4 1 1 1 0 0 0 0 0
149 3 0 0 0 0 0 0 0 0
150 2 0 0 0 0 0 0 0 0
151 4 0 0 1 0 0 0 0 0
153 5 0 0 1 0 0 0 0 0
155 2 0 0 0 0 0 0 0 0
161 212 2 2 53 10 10 0 0 0
163 106 0 0 0 0 0 0 0 0
164 30 0 0 10 0 0 0 0 0
167 43 0 0 0 0 0 0 0 0
168 43 0 0 0 0 0 0 0 0
171 3 0 0 2 0 0 0 0 0
fn=_dl_load_cache_lookup
182 8 1 1 0 0 0 6 0 0
190 2 0 0 1 0 0 0 0 0
193 3 0 0 1 1 1 0 0 0
196 5 1 1 0 0 0 1 0 0
204 5 0 0 1 0 0 0 0 0
205 6 1 1 0 0 0 1 0 0
209 1 0 0 0 0 0 1 0 0
212 4 0 0 1 0 0 0 0 0
215 2 0 0 0 0 0 1 0 0
216 3 0 0 0 0 0 0 0 0
217 5 1 1 0 0 0 1 0 0
219 2 0 0 0 0 0 0 0 0
244 3 1 1 1 0 0 0 0 0
253 5 0 0 2 0 0 1 0 0
259 4 0 0 0 0 0 2 0 0
263 6 1 1 3 0 0 2 0 0
264 5 1 1 3 0 0 1 0 0
278 258 7 7 35 8 8 12 0 0
294 2 0 0 1 0 0 0 0 0
299 9 0 0 7 0 0 0 0 0
fn=_dl_unload_cache
308 1 0 0 0 0 0 0 0 0
309 4 1 1 1 1 1 0 0 0
311 2 0 0 1 0 0 1 0 0
312 1 1 1 0 0 0 1 0 0
314 2 0 0 1 0 0 0 0 0
fl=/build/glibc-3Vu5mt/glibc-2.19/elf/dl-debug.c
fn=_dl_debug_initialize
50 8 4 3 0 0 0 0 0 0
51 4 4 2 4 0 0 0 0 0
55 14 0 0 4 0 0 0 0 0
58 1 0 0 0 0 0 1 0 0
59 2 0 0 0 0 0 1 0 0
60 6 0 0 2 0 0 1 0 0
61 2 0 0 0 0 0 1 0 0
fn=_dl_debug_state
74 2 0 0 2 0 0 0 0 0
fl=/build/glibc-3Vu5mt/glibc-2.19/elf/dl-deps.c
fn=_dl_map_object_deps
147 11 1 1 0 0 0 9 0 0
148 9 1 1 0 0 0 1 0 0
160 6 1 1 0 0 0 2 0 0
161 2 0 0 0 0 0 2 0 0
162 10 0 0 0 0 0 3 0 0
164 1 0 0 0 0 0 0 0 0
168 8 0 0 2 0 0 2 0 0
178 8 1 1 1 0 0 0 0 0
179 1 1 1 1 0 0 0 0 0
182 3 0 0 0 0 0 2 0 0
188 1 0 0 0 0 0 1 0 0
189 1 1 1 0 0 0 1 0 0
201 2 0 0 1 0 0 1 0 0
202 14 0 0 6 0 0 3 0 0
203 1 0 0 0 0 0 1 0 0
204 2 0 0 0 0 0 2 0 0
209 4 1 1 0 0 0 0 0 0
210 4 0 0 0 0 0 0 0 0
213 8 0 0 4 0 0 4 0 0
217 16 2 2 8 4 3 0 0 0
218 17 0 0 7 1 1 0 0 0
220 2 0 0 0 0 0 0 0 0
222 6 1 1 4 0 0 0 0 0
224 26 1 1 2 0 0 4 0 0
229 16 0 0 8 4 4 0 0 0
231 6 0 0 4 2 2 2 0 0
236 2 0 0 0 0 0 2 0 0
237 2 2 2 0 0 0 2 0 0
238 4 0 0 2 0 0 2 0 0
239 4 0 0 2 0 0 2 0 0
242 206 0 0 54 8 8 2 0 0
243 96 1 1 0 0 0 0 0 0
249 14 1 1 4 0 0 2 0 0
251 2 0 0 0 0 0 2 0 0
254 12 0 0 8 0 0 2 0 0
256 6 2 2 2 0 0 0 0 0
271 2 0 0 2 0 0 0 0 0
273 4 0 0 2 0 0 0 0 0
278 6 0 0 0 0 0 0 0 0
281 2 0 0 0 0 0 2 1 1
282 2 0 0 0 0 0 2 0 0
283 2 0 0 0 0 0 2 0 0
284 4 0 0 2 1 1 2 1 1
286 8 0 0 2 0 0 2 0 0
288 10 1 1 2 0 0 4 0 0
292 4 1 1 0 0 0 0 0 0
293 3 0 0 0 0 0 1 0 0
295 138 1 1 0 0 0 0 0 0
343 8 1 1 0 0 0 4 0 0
471 8 1 1 0 0 0 0 0 0
473 6 0 0 0 0 0 2 0 0
475 4 0 0 0 0 0 2 0 0
476 4 0 0 0 0 0 0 0 0
477 4 0 0 0 0 0 0 0 0
480 2 0 0 0 0 0 2 0 0
481 12 0 0 0 0 0 2 0 0
482 10 0 0 0 0 0 2 0 0
485 2 0 0 0 0 0 2 0 0
486 2 0 0 2 0 0 0 0 0
490 24 2 2 12 0 0 0 0 0
492 4 0 0 4 0 0 0 0 0
493 17 0 0 3 0 0 0 0 0
497 6 1 1 2 1 1 0 0 0
498 2 0 0 1 0 0 1 0 0
501 5 1 1 2 1 1 1 0 0
511 2 0 0 0 0 0 1 0 0
512 3 0 0 1 0 0 0 0 0
514 2 1 1 0 0 0 0 0 0
519 7 0 0 2 0 0 1 1 1
520 1 0 0 0 0 0 1 0 0
522 15 0 0 6 0 0 0 0 0
524 12 1 1 4 0 0 0 0 0
528 20 0 0 8 0 0 4 1 1
532 4 0 0 4 0 0 0 0 0
535 3 1 1 1 0 0 1 0 0
586 6 0 0 3 0 0 1 0 0
587 1 1 1 0 0 0 1 0 0
588 4 0 0 2 0 0 0 0 0
623 7 1 1 1 0 0 2 0 0
625 3 0 0 0 0 0 0 0 0
629 16 1 1 6 0 0 3 0 0
630 8 1 1 0 0 0 2 0 0
631 3 1 1 1 0 0 1 0 0
635 3 0 0 3 0 0 0 0 0
636 6 0 0 3 0 0 0 0 0
642 17 0 0 3 0 0 0 0 0
644 12 1 1 6 0 0 0 0 0
645 8 0 0 0 0 0 0 0 0
647 9 0 0 3 0 0 0 0 0
648 6 0 0 0 0 0 0 0 0
658 2 1 1 2 0 0 0 0 0
670 3 0 0 0 0 0 0 0 0
673 9 0 0 3 0 0 0 0 0
676 26 1 1 6 0 0 6 0 0
683 2 0 0 1 0 0 1 0 0
685 2 0 0 1 0 0 1 0 0
686 1 1 1 1 0 0 0 0 0
687 3 0 0 1 0 0 0 0 0
694 3 0 0 1 0 0 0 0 0
697 2 1 1 0 0 0 0 0 0
700 8 0 0 7 1 1 0 0 0
fn=openaux
60 4 2 2 0 0 0 2 0 0
63 20 1 0 8 0 0 4 1 1
64 4 0 0 2 0 0 0 0 0
67 2 0 0 2 0 0 0 0 0
68 4 0 0 4 0 0 0 0 0
fl=/build/glibc-3Vu5mt/glibc-2.19/elf/dl-environ.c
fn=_dl_next_ld_env_entry
30 3 1 1 3 0 0 0 0 0
31 1 0 0 0 0 0 0 0 0
33 107 0 0 35 0 0 0 0 0
35 68 1 1 34 15 15 0 0 0
36 14 0 0 6 0 0 0 0 0
38 2 0 0 0 0 0 0 0 0
41 4 0 0 0 0 0 2 0 0
43 2 0 0 2 0 0 0 0 0
46 32 0 0 0 0 0 0 0 0
50 1 0 0 1 0 0 0 0 0
fl=/build/glibc-3Vu5mt/glibc-2.19/elf/dl-error.c
fn=_dl_catch_error
163 12 3 2 0 0 0 9 0 0
175 6 0 0 0 0 0 6 4 4
176 6 0 0 0 0 0 6 0 0
177 6 0 0 0 0 0 6 0 0
178 6 0 0 0 0 0 3 1 1
180 6 0 0 3 1 1 6 0 0
181 6 0 0 3 0 0 3 0 0
182 6 1 1 0 0 0 3 0 0
185 18 0 0 0 0 0 3 0 0
187 9 0 0 6 0 0 3 0 0
188 9 2 1 6 0 0 3 1 1
189 6 0 0 3 0 0 3 1 1
190 6 2 2 3 1 1 3 0 0
191 6 0 0 3 0 0 3 0 0
199 12 0 0 6 1 1 0 0 0
fn=_dl_receive_error
205 10 1 1 0 0 0 6 0 0
206 2 0 0 1 0 0 1 0 0
210 1 0 0 1 0 0 0 0 0
211 1 0 0 1 1 1 0 0 0
214 1 0 0 0 0 0 1 0 0
215 1 0 0 0 0 0 1 0 0
217 2 0 0 0 0 0 1 0 0
219 1 1 1 0 0 0 1 0 0
220 1 0 0 0 0 0 1 0 0
221 8 0 0 7 0 0 0 0 0
fl=/build/glibc-3Vu5mt/glibc-2.19/elf/dl-fini.c
fn=_dl_fini
131 8 1 1 0 0 0 6 0 0
143 1 1 1 0 0 0 1 0 0
144 1 0 0 0 0 0 1 0 0
150 1 0 0 0 0 0 1 0 0
153 12 0 0 2 1 1 2 0 0
156 2 1 1 1 1 1 1 0 0
159 2 0 0 2 1 1 0 0 0
162 2 0 0 0 0 0 0 0 0
164 6 1 1 3 0 0 0 0 0
171 2 0 0 1 0 0 0 0 0
175 4 0 0 1 0 0 0 0 0
177 2 0 0 1 0 0 0 0 0
180 10 1 1 1 0 0 2 0 0
183 2 0 0 0 0 0 0 0 0
191 12 0 0 4 0 0 0 0 0
193 8 0 0 4 0 0 0 0 0
195 8 0 0 0 0 0 0 0 0
197 12 1 1 4 0 0 4 0 0
198 4 0 0 0 0 0 4 2 2
199 4 0 0 0 0 0 0 0 0
203 4 0 0 4 1 0 0 0 0
205 2 0 0 0 0 0 0 0 0
210 6 0 0 2 0 0 1 0 0
219 2 1 1 1 0 0 1 0 0
223 15 0 0 1 0 0 0 0 0
225 4 0 0 4 0 0 0 0 0
227 12 0 0 4 0 0 0 0 0
230 8 0 0 0 0 0 4 0 0
233 12 1 1 4 3 3 0 0 0
234 4 1 1 2 2 2 0 0 0
237 4 0 0 2 0 0 0 0 0
244 4 0 0 0 0 0 0 0 0
248 4 0 0 4 2 2 0 0 0
249 2 0 0 2 1 1 0 0 0
250 4 0 0 2 0 0 0 0 0
251 12 0 0 0 0 0 0 0 0
252 4 1 1 2 2 2 2 0 0
256 6 0 0 2 2 2 0 0 0
257 6 0 0 4 2 2 2 0 0
262 28 1 1 8 1 1 0 0 0
278 4 0 0 4 0 0 0 0 0
283 6 0 0 2 0 0 0 0 0
289 2 1 1 1 0 0 0 0 0
296 8 0 0 7 0 0 0 0 0
fn=_dl_sort_fini
32 13 1 1 0 0 0 10 0 0
34 2 0 0 0 0 0 0 0 0
39 4 0 0 0 0 0 1 0 0
40 6 1 1 0 0 0 1 0 0
41 3 0 0 1 0 0 1 0 0
45 9 0 0 3 0 0 3 0 0
46 9 0 0 3 0 0 0 0 0
50 15 0 0 6 0 0 0 0 0
56 14 1 1 4 0 0 1 0 0
57 14 0 0 0 0 0 0 0 0
59 12 1 1 6 1 1 0 0 0
60 8 0 0 0 0 0 0 0 0
62 9 0 0 3 1 1 0 0 0
63 6 0 0 0 0 0 0 0 0
93 9 1 1 3 0 0 0 0 0
114 3 0 0 0 0 0 0 0 0
118 16 0 0 3 0 0 0 0 0
121 27 1 1 11 0 0 6 0 0
125 8 0 0 7 0 0 0 0 0
fl=/build/glibc-3Vu5mt/glibc-2.19/elf/dl-hwcaps.c
fn=_dl_important_hwcaps
39 12 2 2 0 0 0 10 1 1
41 1 0 0 1 0 0 0 0 0
42 4 0 0 0 0 0 1 0 0
51 3 0 0 1 0 0 0 0 0
61 4 1 1 1 0 0 1 0 0
92 2 1 1 0 0 0 0 0 0
113 1 1 1 0 0 0 0 0 0
115 5 1 1 0 0 0 1 1 1
130 6 0 0 0 0 0 0 0 0
131 2 0 0 0 0 0 0 0 0
133 2 0 0 0 0 0 0 0 0
145 2 1 1 0 0 0 0 0 0
162 2 1 1 0 0 0 0 0 0
170 2 1 1 1 0 0 0 0 0
172 4 0 0 1 0 0 1 0 0
173 4 0 0 1 0 0 1 0 0
177 3 1 1 0 0 0 1 0 0
178 1 0 0 0 0 0 1 0 0
181 2 0 0 0 0 0 0 0 0
184 2 0 0 0 0 0 0 0 0
188 12 1 1 2 0 0 3 0 0
189 2 0 0 0 0 0 0 0 0
207 12 1 1 1 0 0 6 1 0
208 5 1 1 0 0 0 1 0 0
209 4 0 0 2 0 0 0 0 0
238 3 0 0 0 0 0 2 1 1
241 2 0 0 0 0 0 0 0 0
243 5 1 1 2 0 0 2 0 0
244 7 1 1 2 0 0 4 0 0
269 19 1 1 3 0 0 0 0 0
270 8 0 0 0 0 0 4 0 0
274 12 1 1 0 0 0 0 0 0
277 28 0 0 0 0 0 0 0 0
278 24 0 0 0 0 0 0 0 0
279 12 1 1 8 0 0 0 0 0
281 4 0 0 0 0 0 0 0 0
284 3 0 0 1 0 0 0 0 0
285 1 0 0 0 0 0 0 0 0
286 12 2 2 3 0 0 0 0 0
299 6 0 0 2 0 0 2 0 0
300 2 0 0 0 0 0 0 0 0
302 4 0 0 0 0 0 0 0 0
305 3 0 0 2 0 0 1 0 0
307 1 0 0 0 0 0 0 0 0
308 8 0 0 7 0 0 0 0 0
fl=/build/glibc-3Vu5mt/glibc-2.19/elf/dl-init.c
fn=_dl_init
36 26 2 2 5 0 0 4 0 0
86 11 2 2 0 0 0 6 0 0
87 1 0 0 1 1 1 0 0 0
88 1 0 0 1 0 0 0 0 0
91 3 0 0 1 0 0 0 0 0
94 2 0 0 0 0 0 1 0 0
98 4 0 0 1 0 0 0 0 0
125 15 0 0 0 0 0 0 0 0
126 12 0 0 8 1 1 0 0 0
132 8 0 0 7 0 0 0 0 0
fn=call_init.part.0
34 36 1 1 0 0 0 20 0 0
42 12 1 1 4 0 0 4 0 0
45 16 0 0 8 5 4 0 0 0
46 3 0 0 0 0 0 0 0 0
50 9 0 0 3 3 3 0 0 0
51 2 0 0 1 1 1 0 0 0
55 4 0 0 2 0 0 0 0 0
63 4 0 0 0 0 0 0 0 0
64 12 0 0 4 2 2 2 0 0
67 2 1 1 2 2 2 0 0 0
68 4 0 0 0 0 0 0 0 0
74 6 0 0 4 1 1 0 0 0
76 4 0 0 4 0 0 0 0 0
77 16 1 1 0 0 0 0 0 0
78 15 0 0 3 2 1 3 0 0
80 24 0 0 24 0 0 0 0 0
fl=/build/glibc-3Vu5mt/glibc-2.19/elf/dl-load.c
fn=_dl_init_paths
714 8 1 1 0 0 0 5 0 0
727 6 1 1 2 0 0 2 0 0
731 1 0 0 0 0 0 1 0 0
732 3 0 0 0 0 0 1 0 0
733 2 0 0 0 0 0 0 0 0
740 5 1 1 0 0 0 0 0 0
741 2 0 0 1 0 0 0 0 0
744 1 0 0 0 0 0 1 0 0
745 3 0 0 0 0 0 1 0 0
747 2 0 0 0 0 0 0 0 0
753 1 0 0 0 0 0 1 0 0
754 1 0 0 0 0 0 1 1 1
762 14 1 1 0 0 0 3 0 0
764 8 1 1 0 0 0 4 2 2
765 4 0 0 0 0 0 4 1 1
767 6 0 0 0 0 0 4 0 0
768 8 1 1 3 1 1 4 1 1
769 7 0 0 0 0 0 0 0 0
772 9 0 0 3 1 1 0 0 0
773 64 0 0 0 0 0 0 0 0
774 16 0 0 0 0 0 16 1 1
776 21 0 0 0 0 0 4 0 0
782 1 1 1 0 0 0 1 1 1
783 1 0 0 0 0 0 1 0 0
787 1 0 0 1 0 0 0 0 0
788 2 0 0 0 0 0 0 0 0
790 4 0 0 1 0 0 0 0 0
792 3 0 0 1 0 0 0 0 0
809 1 0 0 0 0 0 1 0 0
811 3 1 1 1 0 0 0 0 0
825 2 1 1 0 0 0 1 0 0
830 4 2 2 1 0 0 0 0 0
838 5 0 0 0 0 0 1 0 0
840 11 1 1 0 0 0 2 0 0
856 2 0 0 0 0 0 0 0 0
857 46 0 0 15 0 0 0 0 0
859 14 0 0 0 0 0 0 0 0
860 28 0 0 0 0 0 0 0 0
861 14 0 0 0 0 0 0 0 0
864 1 0 0 0 0 0 1 0 0
865 1 1 1 0 0 0 1 0 0
866 2 0 0 0 0 0 0 0 0
872 8 0 0 1 0 0 2 0 0
876 3 1 1 2 0 0 0 0 0
882 1 0 0 0 0 0 1 0 0
886 7 0 0 6 0 0 0 0 0
fn=_dl_map_object
691 9 2 2 3 0 0 0 0 0
2317 30 3 2 0 0 0 24 3 3
2324 6 0 0 0 0 0 0 0 0
2325 6 3 2 3 2 2 0 0 0
2328 45 0 0 9 0 0 0 0 0
2333 21 1 1 7 1 1 0 0 0
2334 14 0 0 0 0 0 0 0 0
2336 36 0 0 0 0 0 7 3 3
2340 12 0 0 6 0 0 0 0 0
2341 18 3 2 6 1 1 0 0 0
2344 2 0 0 2 0 0 0 0 0
2345 4 0 0 4 0 0 0 0 0
2346 8 0 0 0 0 0 2 0 0
2362 4 2 1 2 0 0 0 0 0
2372 10 0 0 2 0 0 0 0 0
2396 2 0 0 0 0 0 2 1 1
2398 10 0 0 0 0 0 2 0 0
2402 4 1 1 0 0 0 2 0 0
2404 2 1 1 1 0 0 0 0 0
2411 4 0 0 1 0 0 0 0 0
2415 2 1 1 1 0 0 1 0 0
2416 2 0 0 0 0 0 1 0 0
2420 3 0 0 1 0 0 0 0 0
2421 1 0 0 0 0 0 0 0 0
2423 13 1 1 0 0 0 5 0 0
2435 5 1 1 4 0 0 0 0 0
2436 7 2 2 2 0 0 0 0 0
2437 1 0 0 0 0 0 0 0 0
2446 2 0 0 1 0 0 0 0 0
2447 18 2 2 2 0 0 4 0 0
2453 6 0 0 0 0 0 2 0 0
2454 1 0 0 0 0 0 0 0 0
2456 2 1 1 1 0 0 1 0 0
2462 4 0 0 0 0 0 1 0 0
2464 3 0 0 1 0 0 0 0 0
2468 3 0 0 0 0 0 1 0 0
2470 2 0 0 0 0 0 0 0 0
2474 3 1 1 1 0 0 0 0 0
2482 2 0 0 1 0 0 0 0 0
2504 10 1 1 1 0 0 2 0 0
2507 3 0 0 0 0 0 1 0 0
2509 4 0 0 1 0 0 2 0 0
2510 3 0 0 1 0 0 0 0 0
2530 2 1 1 1 0 0 0 0 0
2536 1 0 0 0 0 0 1 0 0
2538 6 1 1 0 0 0 1 0 0
2539 3 0 0 0 0 0 0 0 0
2540 1 0 0 0 0 0 0 0 0
2543 7 1 1 0 0 0 1 0 0
2546 2 0 0 0 0 0 0 0 0
2558 6 1 1 0 0 0 0 0 0
2560 4 0 0 0 0 0 0 0 0
2604 4 0 0 2 0 0 2 0 0
2605 22 4 1 4 0 0 8 0 0
2607 24 2 0 21 2 2 0 0 0
fn=_dl_map_object_from_fd
923 30 4 4 0 0 0 20 1 1
934 8 0 0 2 0 0 4 1 1
935 2 0 0 0 0 0 2 0 0
938 12 2 1 0 0 0 2 0 0
949 29 0 0 9 0 0 0 0 0
950 26 2 2 14 2 2 0 0 0
967 4 2 2 2 0 0 0 0 0
992 4 0 0 2 0 0 0 0 0
1002 4 2 2 2 0 0 0 0 0
1024 8 0 0 4 0 0 0 0 0
1056 4 0 0 0 0 0 0 0 0
1059 16 2 1 8 0 0 2 0 0
1060 4 0 0 0 0 0 0 0 0
1071 6 0 0 4 0 0 2 2 2
1072 6 0 0 4 0 0 2 0 0
1073 4 2 2 2 0 0 2 0 0
1075 8 0 0 0 0 0 0 0 0
1076 8 0 0 4 0 0 0 0 0
1077 2 0 0 0 0 0 0 0 0
1092 2 0 0 0 0 0 2 0 0
1101 20 2 2 0 0 0 4 0 0
1102 2 0 0 0 0 0 0 0 0
1103 2 0 0 0 0 0 0 0 0
1109 144 0 0 17 0 0 0 0 0
1110 132 4 2 17 2 2 0 0 0
1116 4 0 0 2 0 0 2 0 0
1117 6 0 0 2 0 0 2 0 0
1118 2 0 0 0 0 0 0 0 0
1121 2 1 1 1 0 0 1 0 0
1122 1 0 0 0 0 0 0 0 0
1127 20 3 3 8 0 0 0 0 0
1133 24 0 0 8 0 0 0 0 0
1134 4 0 0 0 0 0 0 0 0
1141 20 2 1 4 0 0 0 0 0
1142 16 0 0 0 0 0 4 2 2
1143 12 0 0 4 0 0 0 0 0
1144 8 0 0 0 0 0 4 0 0
1145 4 0 0 0 0 0 4 0 0
1146 8 0 0 4 0 0 4 0 0
1147 8 0 0 0 0 0 4 0 0
1151 8 0 0 0 0 0 0 0 0
1152 6 0 0 2 0 0 0 0 0
1157 28 2 2 4 0 0 4 2 2
1167 4 0 0 0 0 0 0 0 0
1170 3 0 0 1 1 1 0 0 0
1174 1 0 0 0 0 0 1 1 1
1175 2 1 1 1 0 0 1 0 0
1176 2 0 0 0 0 0 0 0 0
1179 14 2 1 3 0 0 1 1 1
1180 2 0 0 1 0 0 1 0 0
1183 2 0 0 1 0 0 1 0 0
1187 4 0 0 1 0 0 0 0 0
1193 2 1 1 0 0 0 2 1 1
1194 1 0 0 0 0 0 0 0 0
1198 8 0 0 2 0 0 2 0 0
1228 12 2 2 0 0 0 2 0 0
1250 4 1 1 2 0 0 2 0 0
1251 2 0 0 0 0 0 0 0 0
1254 4 0 0 2 0 0 2 0 0
1255 4 0 0 2 0 0 2 0 0
1256 2 0 0 0 0 0 0 0 0
1259 4 0 0 0 0 0 0 0 0
1272 16 2 2 8 0 0 4 0 0
1274 4 0 0 2 0 0 0 0 0
1288 2 0 0 2 0 0 0 0 0
1293 14 2 2 8 0 0 4 1 1
1297 4 0 0 0 0 0 0 0 0
1304 6 0 0 2 0 0 2 0 0
1305 4 0 0 2 0 0 2 0 0
1307 6 2 2 2 0 0 0 0 0
1313 12 0 0 2 0 0 2 0 0
1314 2 2 1 2 0 0 0 0 0
1317 2 0 0 2 0 0 0 0 0
1319 2 0 0 2 0 0 0 0 0
1340 20 0 0 4 0 0 0 0 0
1342 8 2 2 4 0 0 0 0 0
1344 20 0 0 8 0 0 2 0 0
1352 12 0 0 4 0 0 0 0 0
1353 6 2 1 4 0 0 2 0 0
1355 8 0 0 4 0 0 0 0 0
1356 5 1 1 3 0 0 0 0 0
1357 6 1 1 2 0 0 0 0 0
1358 6 0 0 2 0 0 0 0 0
1360 4 0 0 0 0 0 1 0 0
1363 16 0 0 8 0 0 0 0 0
1369 4 0 0 2 0 0 0 0 0
1370 2 0 0 0 0 0 0 0 0
1371 10 2 2 2 0 0 0 0 0
1372 4 0 0 0 0 0 0 0 0
1379 4 0 0 0 0 0 0 0 0
1382 4 0 0 0 0 0 0 0 0
1393 16 0 0 0 0 0 8 0 0
1394 12 0 0 8 0 0 0 0 0
1399 4 0 0 0 0 0 0 0 0
1403 8 2 2 1 0 0 1 0 0
1406 2 0 0 0 0 0 0 0 0
1414 4 2 2 0 0 0 0 0 0
1418 8 2 2 4 0 0 0 0 0
1427 6 0 0 2 0 0 2 0 0
1433 4 0 0 0 0 0 0 0 0
1449 6 0 0 2 0 0 0 0 0
1468 4 0 0 2 0 0 2 0 0
1470 10 2 2 4 1 1 0 0 0
1525 6 0 0 2 1 1 0 0 0
1526 2 0 0 1 0 0 1 0 0
1529 8 0 0 2 0 0 2 0 0
1537 14 3 3 2 0 0 0 0 0
1538 2 1 1 1 0 0 0 0 0
1540 8 0 0 4 0 0 2 0 0
1542 4 0 0 2 0 0 0 0 0
1558 4 0 0 0 0 0 2 0 0
1562 4 0 0 2 0 0 0 0 0
1563 4 2 2 2 0 0 0 0 0
1580 4 0 0 2 0 0 0 0 0
1581 1 0 0 0 0 0 1 0 0
1584 4 0 0 2 0 0 2 0 0
1585 4 0 0 2 0 0 2 0 0
1589 4 2 2 2 0 0 0 0 0
1599 6 0 0 2 0 0 2 0 0
1603 8 0 0 2 0 0 0 0 0
1623 16 0 0 14 0 0 0 0 0
fn=expand_dynamic_string_token
415 16 2 1 0 0 0 10 0 0
425 10 0 0 0 0 0 2 1 1
429 4 0 0 0 0 0 0 0 0
440 10 0 0 10 0 0 0 0 0
fn=fillin_rpath
486 16 1 1 0 0 0 12 0 0
488 1 0 0 0 0 0 0 0 0
491 10 1 1 4 0 0 2 0 0
495 5 0 0 1 0 0 1 0 0
497 3 0 0 0 0 0 1 0 0
501 2 0 0 0 0 0 0 0 0
504 1 0 0 0 0 0 0 0 0
508 8 2 2 1 0 0 0 0 0
513 4 1 1 0 0 0 1 0 0
516 3 1 1 1 0 0 0 0 0
523 18 0 0 5 0 0 1 0 0
524 8 0 0 4 0 0 0 0 0
542 4 1 1 1 0 0 1 0 0
545 2 0 0 0 0 0 1 0 0
546 4 1 1 2 0 0 1 0 0
547 4 0 0 0 0 0 2 0 0
548 4 0 0 2 0 0 0 0 0
552 1 0 0 0 0 0 1 1 1
553 1 1 1 0 0 0 0 0 0
554 5 0 0 0 0 0 3 0 0
555 1 0 0 0 0 0 1 0 0
557 3 0 0 2 0 0 0 0 0
563 4 0 0 1 0 0 0 0 0
564 16 1 1 0 0 0 0 0 0
565 4 0 0 0 0 0 4 0 0
567 2 0 0 1 0 0 1 0 0
568 2 0 0 1 0 0 0 0 0
573 2 1 1 0 0 0 1 0 0
575 2 0 0 1 0 0 1 0 0
576 1 0 0 0 0 0 1 0 0
579 3 0 0 0 0 0 1 0 0
581 3 0 0 0 0 0 1 0 0
585 1 0 0 0 0 0 1 0 0
588 9 1 1 7 0 0 0 0 0
fn=local_strdup
160 12 3 2 0 0 0 6 0 0
161 6 3 2 0 0 0 3 0 0
162 6 0 0 0 0 0 3 0 0
164 6 0 0 0 0 0 0 0 0
167 12 0 0 0 0 0 0 0 0
168 9 0 0 6 0 0 0 0 0
fn=open_path
2168 14 2 2 0 0 0 12 0 0
2169 2 0 0 1 0 0 1 0 0
2172 1 0 0 0 0 0 1 0 0
2173 1 1 1 0 0 0 1 0 0
2175 2 0 0 0 0 0 0 0 0
2180 11 1 1 5 1 1 0 0 0
2187 2 0 0 0 0 0 0 0 0
2192 2 0 0 1 0 0 0 0 0
2199 5 0 0 2 0 0 2 0 0
2200 18 1 1 5 0 0 0 0 0
2203 8 1 1 4 0 0 0 0 0
2207 52 1 1 24 0 0 8 0 0
2210 4 0 0 0 0 0 0 0 0
2213 8 0 0 4 0 0 0 0 0
2216 32 1 1 16 0 0 4 0 0
2218 12 0 0 4 0 0 0 0 0
2220 8 0 0 0 0 0 0 0 0
2225 8 1 1 4 0 0 0 0 0
2226 36 1 1 16 0 0 0 0 0
2232 16 0 0 4 0 0 5 0 0
2234 24 1 1 4 0 0 4 0 0
2235 4 0 0 1 0 0 0 0 0
2237 6 0 0 0 0 0 3 0 0
2239 3 2 2 0 0 0 1 0 0
2244 8 0 0 0 0 0 0 0 0
2254 2 0 0 0 0 0 1 0 0
2282 1 0 0 0 0 0 0 0 0
2285 5 1 1 1 0 0 0 0 0
2290 1 0 0 1 0 0 0 0 0
2292 5 0 0 3 0 0 0 0 0
2295 3 0 0 1 0 0 0 0 0
2309 8 0 0 7 0 0 0 0 0
fn=open_verify
1873 72 4 2 0 0 0 48 1 1
1909 18 0 0 6 0 0 0 0 0
1930 30 0 0 6 0 0 12 0 0
1931 12 0 0 0 0 0 0 0 0
1941 2 2 2 0 0 0 2 0 0
1942 4 0 0 0 0 0 2 0 0
1947 12 0 0 2 0 0 2 0 0
1949 4 0 0 0 0 0 0 0 0
1951 6 0 0 2 0 0 2 0 0
1953 4 0 0 0 0 0 0 0 0
1959 4 2 1 0 0 0 0 0 0
1975 28 1 1 0 0 0 3 0 0
1977 2 0 0 2 0 0 0 0 0
1979 8 2 2 0 0 0 2 0 0
2006 3 1 1 2 0 0 0 0 0
2050 4 0 0 2 0 0 0 0 0
2055 4 0 0 2 0 0 0 0 0
2058 8 0 0 2 0 0 0 0 0
2063 4 2 2 2 0 0 0 0 0
2070 10 0 0 2 0 0 0 0 0
2071 8 0 0 2 0 0 0 0 0
2072 2 0 0 0 0 0 0 0 0
2087 106 0 0 0 0 0 0 0 0
2089 36 2 2 17 7 7 0 0 0
2093 8 2 1 4 0 0 0 0 0
2094 4 0 0 0 0 0 0 0 0
2103 18 2 1 0 0 0 3 0 0
2106 2 0 0 0 0 0 0 0 0
2107 6 0 0 2 0 0 0 0 0
2108 6 0 0 2 0 0 0 0 0
2110 6 0 0 0 0 0 0 0 0
2115 1 0 0 0 0 0 0 0 0
2116 1 0 0 0 0 0 0 0 0
2119 2 0 0 0 0 0 0 0 0
2122 3 0 0 1 0 0 0 0 0
2123 5 0 0 1 0 0 0 0 0
2124 2 0 0 1 0 0 0 0 0
2125 3 0 0 1 0 0 0 0 0
2126 6 1 1 2 0 0 0 0 0
2131 4 1 1 0 0 0 0 0 0
2154 48 1 0 42 0 0 0 0 0
fl=/build/glibc-3Vu5mt/glibc-2.19/elf/dl-lookup.c
fn=_dl_lookup_symbol_x
475 220 0 0 0 0 0 0 0 0
476 6276 22 12 1514 111 110 110 0 0
477 5616 0 0 0 0 0 0 0 0
714 1540 11 5 0 0 0 880 9 9
716 220 0 0 0 0 0 110 0 0
717 220 0 0 0 0 0 220 0 0
720 110 0 0 110 3 3 0 0 0
724 424 9 5 102 0 0 0 0 0
728 660 11 5 220 0 0 330 0 0
729 220 2 1 110 0 0 0 0 0
731 220 0 0 220 4 4 0 0 0
735 464 0 0 6 0 0 0 0 0
737 1540 7 7 770 0 0 770 5 5
740 220 11 6 0 0 0 0 0 0
743 6 0 0 0 0 0 0 0 0
766 220 0 0 110 0 0 0 0 0
768 42 4 4 12 0 0 0 0 0
784 6 0 0 0 0 0 6 0 0
785 12 0 0 0 0 0 0 0 0
788 104 0 0 104 0 0 0 0 0
789 728 0 0 208 0 0 0 0 0
815 104 0 0 0 0 0 0 0 0
824 520 11 6 104 0 0 0 0 0
838 312 0 0 104 19 9 0 0 0
839 2 1 1 0 0 0 1 0 0
841 416 0 0 208 0 0 0 0 0
846 104 0 0 0 0 0 104 0 0
848 880 0 0 770 0 0 0 0 0
fn=_dl_setup_hash
859 12 4 3 4 0 0 0 0 0
863 4 0 0 4 0 0 0 0 0
867 8 0 0 4 4 4 4 1 1
868 4 0 0 4 0 0 0 0 0
869 4 0 0 4 1 1 0 0 0
871 12 4 3 0 0 0 0 0 0
872 4 0 0 0 0 0 4 0 0
873 12 0 0 4 0 0 4 0 0
875 4 0 0 0 0 0 4 0 0
876 8 0 0 0 0 0 0 0 0
878 4 0 0 0 0 0 4 0 0
879 4 0 0 0 0 0 0 0 0
880 16 4 2 0 0 0 4 0 0
881 4 0 0 4 0 0 0 0 0
fn=check_match.9457
131 728 12 5 0 0 0 416 3 3
132 208 12 6 104 38 37 0 0 0
134 416 0 0 208 13 13 0 0 0
136 312 0 0 104 0 0 0 0 0
146 312 0 0 104 0 0 104 11 10
149 442 8 3 221 0 0 39 3 3
153 208 0 0 208 3 2 0 0 0
154 312 4 3 104 0 0 0 0 0
156 204 0 0 0 0 0 0 0 0
175 204 0 0 204 30 28 0 0 0
176 816 10 5 306 9 8 0 0 0
177 510 10 5 204 0 0 102 0 0
204 4 2 2 0 0 0 0 0 0
206 12 0 0 4 2 2 0 0 0
207 8 0 0 2 0 0 0 0 0
222 728 2 2 520 0 0 0 0 0
fn=do_lookup_x
77 880 11 5 330 0 0 550 2 2
82 1320 22 11 220 0 0 770 8 8
83 110 0 0 110 3 3 0 0 0
89 110 0 0 110 0 0 0 0 0
95 333 0 0 0 0 0 333 0 0
96 333 0 0 0 0 0 333 0 0
98 999 11 7 666 28 22 333 0 0
101 666 0 0 0 0 0 0 0 0
105 690 0 0 345 0 0 0 0 0
109 658 0 0 329 13 11 0 0 0
113 658 0 0 329 1 1 0 0 0
119 987 11 5 329 16 11 0 0 0
123 658 0 0 658 43 32 0 0 0
124 987 0 0 658 4 4 329 0 0
225 329 0 0 329 0 0 0 0 0
226 658 0 0 0 0 0 0 0 0
228 329 0 0 329 107 78 0 0 0
229 220 0 0 0 0 0 0 0 0
230 658 0 0 329 0 0 0 0 0
232 440 0 0 0 0 0 0 0 0
233 1316 11 7 329 0 0 0 0 0
236 1316 0 0 0 0 0 0 0 0
237 987 0 0 0 0 0 0 0 0
239 222 0 0 222 86 72 0 0 0
240 444 12 6 0 0 0 0 0 0
241 222 0 0 0 0 0 0 0 0
243 330 0 0 110 0 0 0 0 0
246 1145 12 5 229 98 88 0 0 0
248 832 12 7 208 0 0 208 0 0
249 832 0 0 0 0 0 520 4 4
250 520 0 0 312 0 0 0 0 0
253 375 0 0 0 0 0 0 0 0
257 225 0 0 0 0 0 225 0 0
281 450 0 0 225 0 0 0 0 0
286 884 11 6 104 0 0 104 0 0
290 39 5 4 13 6 3 0 0 0
303 312 0 0 208 0 0 104 0 0
304 208 0 0 104 0 0 104 0 0
305 104 0 0 0 0 0 0 0 0
461 1941 11 5 647 3 3 0 0 0
462 572 0 0 208 0 0 208 2 2
465 687 11 7 0 0 0 0 0 0
468 12 0 0 0 0 0 0 0 0
469 880 0 0 770 0 0 0 0 0
fl=/build/glibc-3Vu5mt/glibc-2.19/elf/dl-minimal.c
fn=__libc_memalign
51 88 5 2 0 0 0 44 1 1
52 108 5 2 43 0 0 0 0 0
57 3 0 0 0 0 0 1 0 0
58 3 1 1 1 0 0 0 0 0
59 1 0 0 0 0 0 0 0 0
63 66 0 0 0 0 0 22 0 0
64 22 0 0 0 0 0 0 0 0
66 142 0 0 0 0 0 0 0 0
70 12 2 2 3 0 0 0 0 0
71 9 0 0 0 0 0 0 0 0
77 21 0 0 0 0 0 3 0 0
79 15 0 0 6 0 0 0 0 0
83 9 0 0 0 0 0 3 0 0
86 22 0 0 0 0 0 22 0 0
87 22 0 0 0 0 0 22 0 0
89 167 5 2 66 0 0 0 0 0
fn=calloc
102 8 1 1 0 0 0 0 0 0
106 8 0 0 0 0 0 0 0 0
109 40 0 0 0 0 0 0 0 0
113 8 0 0 0 0 0 0 0 0
fn=free
119 2 0 0 0 0 0 1 0 0
121 2 1 1 1 0 0 0 0 0
128 2 0 0 2 0 0 0 0 0
fn=malloc
93 21 4 1 0 0 0 0 0 0
94 42 0 0 0 0 0 0 0 0
fn=strsep
338 12 2 1 4 0 0 0 0 0
340 4 0 0 4 0 0 0 0 0
341 8 0 0 0 0 0 0 0 0
345 378 1 1 63 0 0 0 0 0
350 244 0 0 0 0 0 0 0 0
352 488 0 0 122 0 0 0 0 0
360 61 0 0 0 0 0 0 0 0
363 2 0 0 0 0 0 2 0 0
367 4 1 0 4 0 0 0 0 0
fl=/build/glibc-3Vu5mt/glibc-2.19/elf/dl-misc.c
fn=_dl_name_match_p
288 330 11 7 0 0 0 132 0 0
289 264 0 0 66 3 2 66 1 1
290 69 0 0 0 0 0 0 0 0
292 66 11 7 66 0 0 0 0 0
294 266 0 0 0 0 0 0 0 0
295 350 0 0 70 15 10 70 0 0
298 67 0 0 67 0 0 0 0 0
300 63 0 0 0 0 0 0 0 0
301 330 11 7 198 0 0 0 0 0
fn=_dl_sysdep_read_whole_file
45 7 1 1 0 0 0 4 0 0
46 1 0 0 0 0 0 0 0 0
52 4 0 0 0 0 0 1 0 0
53 2 0 0 0 0 0 0 0 0
55 6 0 0 0 0 0 1 0 0
57 2 1 1 1 0 0 1 0 0
60 2 0 0 0 0 0 0 0 0
62 8 1 1 0 0 0 1 0 0
73 2 0 0 0 0 0 1 0 0
76 7 0 0 5 0 0 0 0 0
fl=/build/glibc-3Vu5mt/glibc-2.19/elf/dl-object.c
fn=_dl_add_to_namespace_list
32 15 3 3 0 0 0 6 0 0
34 6 0 0 3 0 0 3 0 0
36 22 3 3 3 0 0 0 0 0
39 15 0 0 5 0 0 0 0 0
40 3 0 0 0 0 0 0 0 0
41 2 0 0 0 0 0 2 0 0
43 2 0 0 0 0 0 2 0 0
46 2 0 0 0 0 0 1 0 0
47 9 0 0 3 0 0 0 0 0
48 6 0 0 3 0 0 3 0 0
49 6 2 0 0 0 0 3 0 0
51 9 0 0 3 0 0 0 0 0
52 9 0 0 6 0 0 0 0 0
fn=_dl_new_object
61 42 6 4 0 0 0 30 1 1
62 15 0 0 0 0 0 3 1 1
68 36 3 3 6 0 0 0 0 0
75 15 0 0 0 0 0 6 0 0
78 6 0 0 0 0 0 0 0 0
81 3 0 0 0 0 0 3 2 2
82 6 0 0 0 0 0 3 3 3
86 6 0 0 0 0 0 3 1 1
87 15 3 2 6 0 0 6 1 1
89 3 0 0 0 0 0 3 0 0
97 15 0 0 6 0 0 3 1 1
98 18 3 3 6 3 3 3 0 0
101 6 0 0 3 0 0 0 0 0
102 7 3 2 0 0 0 3 3 3
103 3 0 0 0 0 0 3 0 0
107 3 0 0 0 0 0 3 0 0
110 43 1 1 0 0 0 0 0 0
112 32 0 0 0 0 0 16 4 4
122 6 2 1 0 0 0 3 0 0
123 3 0 0 0 0 0 3 3 3
126 3 0 0 0 0 0 0 0 0
128 18 3 3 3 0 0 0 0 0
130 6 0 0 0 0 0 2 1 1
133 7 0 0 0 0 0 0 0 0
137 6 0 0 2 0 0 0 0 0
141 15 4 3 2 0 0 0 0 0
143 1 1 1 0 0 0 0 0 0
149 1 0 0 0 0 0 1 0 0
152 6 0 0 0 0 0 3 1 1
155 15 0 0 6 0 0 0 0 0
157 10 0 0 2 0 0 4 0 0
161 10 2 2 0 0 0 0 0 0
165 6 4 4 0 0 0 2 0 0
166 8 0 0 0 0 0 0 0 0
211 8 0 0 4 0 0 2 0 0
216 82 0 0 0 0 0 0 0 0
217 88 0 0 42 0 0 0 0 0
222 4 0 0 0 0 0 2 0 0
225 4 2 2 0 0 0 2 0 0
229 24 1 1 21 0 0 0 0 0
fl=/build/glibc-3Vu5mt/glibc-2.19/elf/dl-open.c
fn=_dl_find_dso_for_object
178 5 2 2 0 0 0 5 0 0
182 8 0 0 1 0 0 0 0 0
183 10 1 1 3 1 1 0 0 0
184 12 0 0 6 2 2 0 0 0
185 2 0 0 1 0 0 0 0 0
188 3 0 0 1 0 0 0 0 0
192 6 1 1 6 0 0 0 0 0
fl=/build/glibc-3Vu5mt/glibc-2.19/elf/dl-reloc.c
fn=_dl_protect_relro
322 8 0 0 0 0 0 4 0 0
323 16 0 0 8 0 0 0 0 0
324 8 4 1 4 0 0 0 0 0
325 8 0 0 4 0 0 0 0 0
328 8 0 0 0 0 0 0 0 0
329 20 3 1 0 0 0 4 0 0
335 8 0 0 8 0 0 0 0 0
fn=_dl_relocate_object
154 48 3 2 0 0 0 32 0 0
161 4 0 0 0 0 0 4 0 0
164 8 0 0 0 0 0 0 0 0
165 12 0 0 0 0 0 4 0 0
169 8 0 0 0 0 0 0 0 0
170 16 3 2 8 1 1 0 0 0
176 8 0 0 4 0 0 0 0 0
182 12 0 0 4 0 0 0 0 0
183 8 1 1 4 4 4 0 0 0
186 8 3 2 4 0 0 0 0 0
193 8 0 0 4 1 1 0 0 0
238 12 0 0 8 3 2 4 0 0
264 214 10 5 59 12 12 53 0 0
267 16 0 0 4 0 0 0 0 0
295 4 3 1 4 0 0 0 0 0
298 8 0 0 4 0 0 0 0 0
315 8 0 0 4 3 3 0 0 0
316 12 0 0 0 0 0 4 0 0
317 32 0 0 28 2 1 0 0 0
fl=/build/glibc-3Vu5mt/glibc-2.19/elf/dl-tls.c
fn=__tls_get_addr
770 1 1 1 1 0 0 0 0 0
772 3 1 1 2 2 2 0 0 0
775 3 0 0 2 1 1 0 0 0
777 2 0 0 0 0 0 0 0 0
780 1 0 0 1 0 0 0 0 0
781 1 0 0 1 0 0 0 0 0
fn=_dl_add_to_slotinfo
831 4 1 1 0 0 0 3 0 0
837 2 0 0 1 0 0 0 0 0
840 1 0 0 1 1 1 0 0 0
845 5 1 1 1 1 0 0 0 0
886 1 0 0 0 0 0 1 1 1
887 3 0 0 1 1 1 1 0 0
888 4 0 0 4 0 0 0 0 0
fn=_dl_allocate_tls_init
376 8 1 1 0 0 0 7 0 0
377 2 1 1 0 0 0 0 0 0
381 4 0 0 2 1 1 1 0 0
383 1 0 0 0 0 0 1 0 0
384 1 0 0 0 0 0 0 0 0
389 1 0 0 1 0 0 0 0 0
394 12 1 1 4 1 0 0 0 0
400 9 0 0 1 0 0 0 0 0
403 1 1 1 1 1 0 0 0 0
404 2 1 1 0 0 0 0 0 0
410 3 0 0 1 0 0 0 0 0
412 2 0 0 0 0 0 0 0 0
413 2 0 0 1 1 0 0 0 0
422 2 0 0 1 0 0 0 0 0
423 4 1 1 2 1 1 0 0 0
425 2 0 0 0 0 0 0 0 0
426 2 0 0 1 0 0 0 0 0
434 4 0 0 1 0 0 1 1 1
435 1 0 0 0 0 0 1 0 0
436 8 0 0 1 0 0 2 0 0
450 2 1 1 1 0 0 1 0 0
452 1 0 0 1 0 0 0 0 0
453 8 0 0 7 0 0 0 0 0
fn=_dl_allocate_tls_storage
328 3 1 1 0 0 0 2 0 0
330 1 0 0 1 0 0 0 0 0
341 4 1 1 1 0 0 1 0 0
342 2 0 0 0 0 0 0 0 0
349 1 0 0 0 0 0 0 0 0
353 306 1 1 0 0 0 288 36 36
364 2 0 0 0 0 0 1 0 0
365 2 0 0 0 0 0 0 0 0
370 4 0 0 3 0 0 0 0 0
fn=_dl_determine_tlsoffset
112 7 1 1 0 0 0 6 0 0
113 2 0 0 0 0 0 0 0 0
114 1 0 0 0 0 0 0 0 0
115 1 0 0 0 0 0 0 0 0
118 3 0 0 1 0 0 0 0 0
121 2 1 1 1 0 0 0 0 0
123 1 0 0 0 0 0 0 0 0
155 1 0 0 0 0 0 0 0 0
157 10 0 0 2 0 0 0 0 0
159 3 0 0 1 0 0 0 0 0
161 3 0 0 1 1 1 0 0 0
162 2 1 1 1 0 0 0 0 0
164 2 0 0 0 0 0 0 0 0
166 5 0 0 1 0 0 0 0 0
168 2 0 0 0 0 0 0 0 0
182 9 1 1 0 0 0 0 0 0
184 3 0 0 0 0 0 0 0 0
185 1 0 0 0 0 0 0 0 0
194 1 0 0 0 0 0 1 0 0
197 4 1 1 0 0 0 1 0 0
198 1 0 0 0 0 0 1 0 0
249 1 0 0 0 0 0 1 0 0
250 8 0 0 7 0 0 0 0 0
fn=_dl_next_tls_modid
50 1 1 1 0 0 0 0 0 0
53 3 0 0 2 0 0 0 0 0
101 2 0 0 0 0 0 1 0 0
105 2 0 0 1 0 0 0 0 0
fn=allocate_dtv
288 4 1 1 0 0 0 2 0 0
295 2 1 1 1 0 0 0 0 0
296 3 0 0 0 0 0 1 0 0
297 2 0 0 0 0 0 0 0 0
300 1 0 0 0 0 0 1 1 1
306 2 0 0 0 0 0 1 0 0
312 5 0 0 3 0 0 0 0 0
fl=/build/glibc-3Vu5mt/glibc-2.19/elf/dl-version.c
fn=_dl_check_all_versions
380 6 1 1 0 0 0 4 0 0
382 2 0 0 0 0 0 0 0 0
384 16 0 0 4 0 0 0 0 0
385 4 0 0 0 0 0 0 0 0
386 40 1 1 4 1 0 4 0 0
389 7 0 0 5 0 0 0 0 0
fn=_dl_check_map_versions
56 24 0 0 4 0 0 0 0 0
57 5 0 0 5 0 0 0 0 0
58 37 1 1 0 0 0 7 0 0
174 44 1 1 0 0 0 32 0 0
175 2 0 0 0 0 0 0 0 0
183 2 1 1 0 0 0 0 0 0
189 12 0 0 4 2 1 0 0 0
191 8 0 0 4 1 1 4 0 0
193 8 0 0 4 0 0 4 0 0
194 8 1 1 4 2 2 4 0 0
196 8 0 0 0 0 0 0 0 0
199 8 0 0 6 0 0 2 0 0
203 12 0 0 4 2 2 0 0 0
220 6 1 1 6 0 0 0 0 0
228 6 0 0 2 0 0 0 0 0
233 14 0 0 4 0 0 0 0 0
237 130 2 2 73 4 4 14 0 0
244 28 0 0 7 0 0 0 0 0
247 23 0 0 7 0 0 0 0 0
252 5 0 0 0 0 0 0 0 0
256 8 0 0 4 0 0 0 0 0
270 12 1 1 4 0 0 0 0 0
273 6 0 0 4 0 0 0 0 0
276 112 0 0 28 1 1 0 0 0
279 84 0 0 28 1 1 0 0 0
283 26 0 0 0 0 0 0 0 0
287 8 0 0 0 0 0 0 0 0
292 3 0 0 0 0 0 3 1 1
293 12 0 0 0 0 0 3 0 0
294 6 0 0 0 0 0 0 0 0
302 3 1 1 0 0 0 3 0 0
305 9 0 0 6 2 1 3 1 1
307 9 0 0 3 0 0 0 0 0
310 8 0 0 6 0 0 0 0 0
314 6 0 0 2 0 0 0 0 0
317 21 0 0 7 0 0 0 0 0
319 21 1 1 0 0 0 0 0 0
321 35 0 0 7 0 0 7 0 0
322 21 0 0 0 0 0 7 4 4
323 21 0 0 7 0 0 7 1 1
324 21 0 0 7 0 0 7 0 0
327 21 0 0 7 0 0 0 0 0
332 5 0 0 0 0 0 0 0 0
335 6 1 1 2 0 0 0 0 0
345 9 0 0 3 0 0 0 0 0
348 8 0 0 6 0 0 0 0 0
352 28 0 0 28 0 0 0 0 0
354 56 0 0 28 0 0 0 0 0
358 26 0 0 26 0 0 0 0 0
359 130 0 0 26 0 0 26 7 7
360 78 0 0 26 0 0 26 0 0
361 26 0 0 0 0 0 26 3 3
364 84 0 0 28 0 0 0 0 0
368 26 0 0 0 0 0 0 0 0
373 7 1 1 0 0 0 0 0 0
374 32 1 1 28 0 0 0 0 0
fn=match_symbol
76 91 1 1 0 0 0 56 0 0
77 14 0 0 14 1 1 0 0 0
85 14 0 0 7 0 0 0 0 0
91 21 1 1 7 2 1 0 0 0
106 7 0 0 7 1 1 0 0 0
107 14 0 0 0 0 0 0 0 0
109 7 0 0 7 0 0 0 0 0
114 94 0 0 47 8 8 0 0 0
128 94 0 0 47 3 3 0 0 0
130 7 1 1 7 0 0 0 0 0
133 42 0 0 7 0 0 7 0 0
140 120 0 0 40 3 3 0 0 0
144 40 0 0 0 0 0 0 0 0
168 56 1 1 49 0 0 0 0 0
fl=/build/glibc-3Vu5mt/glibc-2.19/elf/do-rel.h
fn=_dl_relocate_object
46 8 0 0 0 0 0 0 0 0
47 8 0 0 0 0 0 0 0 0
48 8 0 0 8 0 0 0 0 0
50 3 0 0 0 0 0 0 0 0
51 3 0 0 0 0 0 3 1 1
58 16 0 0 0 0 0 0 0 0
61 207 0 0 0 0 0 0 0 0
63 195 3 1 65 24 24 0 0 0
65 17 0 0 0 0 0 0 0 0
74 6 3 1 0 0 0 0 0 0
75 19 0 0 1 0 0 0 0 0
76 10 0 0 5 0 0 0 0 0
83 10 0 0 5 0 0 5 0 0
84 5 3 2 5 0 0 0 0 0
86 10 0 0 0 0 0 0 0 0
98 15 3 2 0 0 0 0 0 0
108 10 1 1 1 1 1 0 0 0
111 3590 0 0 0 0 0 0 0 0
112 2388 0 0 1194 0 0 0 0 0
118 15 1 0 5 4 4 0 0 0
121 8 0 0 4 4 3 4 1 1
124 317 0 0 102 0 0 0 0 0
127 396 0 0 99 28 28 0 0 0
129 28 7 2 24 2 1 0 0 0
136 297 0 0 198 60 46 0 0 0
137 566 0 0 99 0 0 99 1 1
138 184 0 0 99 1 1 0 0 0
139 198 3 2 99 0 0 0 0 0
143 6 0 0 0 0 0 0 0 0
160 23 1 1 5 0 0 4 0 0
162 20 0 0 5 2 2 0 0 0
170 25 1 1 5 0 0 5 0 0
171 10 0 0 10 0 0 0 0 0
174 5 1 1 2 0 0 0 0 0
fn=_dl_start
83 1 0 0 1 0 0 0 0 0
84 1 0 0 1 0 0 0 0 0
111 33 0 0 0 0 0 0 0 0
112 20 0 0 10 3 3 0 0 0
116 2 0 0 1 0 0 0 0 0
124 31 0 0 0 0 0 0 0 0
137 45 1 1 9 2 2 0 0 0
139 18 0 0 9 0 0 0 0 0
fl=/build/glibc-3Vu5mt/glibc-2.19/elf/get-dynamic-info.h
fn=_dl_map_object_from_fd
38 4 0 0 0 0 0 0 0 0
42 2 0 0 0 0 0 0 0 0
44 141 0 0 47 13 13 0 0 0
46 90 0 0 0 0 0 0 0 0
51 42 2 2 0 0 0 0 0 0
52 71 0 0 0 0 0 43 11 11
53 8 0 0 0 0 0 0 0 0
55 2 0 0 0 0 0 0 0 0
56 10 2 2 0 0 0 0 0 0
58 2 2 2 0 0 0 0 0 0
59 10 0 0 0 0 0 0 0 0
60 2 0 0 0 0 0 0 0 0
61 8 1 1 0 0 0 2 0 0
62 45 0 0 0 0 0 0 0 0
69 4 0 0 0 0 0 0 0 0
89 7 0 0 3 0 0 0 0 0
90 8 2 2 4 0 0 0 0 0
91 8 0 0 4 0 0 0 0 0
92 8 0 0 4 0 0 0 0 0
94 8 0 0 4 0 0 0 0 0
99 8 0 0 4 0 0 0 0 0
100 7 2 2 3 1 1 0 0 0
101 8 0 0 4 0 0 0 0 0
107 6 0 0 2 0 0 0 0 0
112 4 0 0 2 0 0 0 0 0
119 4 0 0 2 0 0 0 0 0
120 6 2 2 4 0 0 0 0 0
136 6 0 0 2 0 0 0 0 0
141 2 0 0 1 0 0 1 0 0
143 2 0 0 0 0 0 0 0 0
145 2 0 0 0 0 0 0 0 0
147 2 0 0 0 0 0 0 0 0
150 6 2 2 2 0 0 0 0 0
152 2 0 0 1 0 0 1 0 0
160 2 0 0 1 0 0 0 0 0
161 2 0 0 0 0 0 0 0 0
165 2 0 0 0 0 0 0 0 0
168 4 2 2 2 0 0 0 0 0
fn=_dl_start
44 57 0 0 19 6 6 0 0 0
46 36 1 1 0 0 0 0 0 0
47 26 0 0 0 0 0 13 3 3
51 21 1 1 0 0 0 0 0 0
52 18 0 0 0 0 0 4 2 2
53 4 1 1 0 0 0 0 0 0
55 1 0 0 0 0 0 0 0 0
56 5 1 1 0 0 0 0 0 0
58 2 0 0 0 0 0 0 0 0
59 5 1 1 0 0 0 0 0 0
60 1 0 0 0 0 0 0 0 0
61 5 0 0 0 0 0 1 1 1
62 18 0 0 0 0 0 0 0 0
69 2 0 0 0 0 0 0 0 0
89 4 1 1 2 0 0 0 0 0
90 4 0 0 2 0 0 0 0 0
91 4 0 0 2 0 0 0 0 0
92 4 0 0 2 0 0 0 0 0
94 4 1 1 2 0 0 0 0 0
99 4 0 0 2 0 0 0 0 0
100 4 0 0 2 0 0 0 0 0
101 4 0 0 2 0 0 0 0 0
107 3 1 1 1 0 0 0 0 0
112 2 0 0 1 0 0 0 0 0
119 3 0 0 1 0 0 0 0 0
120 3 0 0 2 0 0 0 0 0
128 3 0 0 1 0 0 0 0 0
130 3 1 1 1 1 1 0 0 0
133 2 0 0 1 0 0 0 0 0
134 2 0 0 1 0 0 0 0 0
fn=dl_main
29 1 0 0 1 0 0 0 0 0
38 2 1 1 0 0 0 0 0 0
42 1 0 0 0 0 0 0 0 0
44 72 0 0 24 7 7 0 0 0
46 46 0 0 0 0 0 0 0 0
51 17 0 0 0 0 0 0 0 0
52 33 1 1 0 0 0 22 6 6
53 4 0 0 0 0 0 0 0 0
55 1 0 0 0 0 0 0 0 0
56 5 1 1 0 0 0 0 0 0
58 1 0 0 0 0 0 0 0 0
59 5 0 0 0 0 0 0 0 0
60 1 0 0 0 0 0 0 0 0
61 4 1 1 0 0 0 1 0 0
62 23 0 0 0 0 0 0 0 0
69 3 1 1 1 0 0 0 0 0
107 3 1 1 1 0 0 0 0 0
112 2 0 0 1 0 0 0 0 0
119 2 0 0 1 0 0 0 0 0
120 3 0 0 2 0 0 0 0 0
136 3 1 1 1 0 0 0 0 0
150 3 1 1 1 0 0 0 0 0
168 2 0 0 1 0 0 0 0 0
fl=/build/glibc-3Vu5mt/glibc-2.19/elf/rtld.c
fn=_dl_initial_error_catch_tsd
796 8 1 0 4 0 0 0 0 0
fn=_dl_start
283 85 1 1 1 1 1 1 0 0
295 2 0 0 0 0 0 1 1 1
296 2 1 1 0 0 0 1 0 0
297 2 0 0 0 0 0 1 0 0
298 2 0 0 0 0 0 1 1 1
299 2 0 0 0 0 0 1 0 0
320 5 0 0 0 0 0 1 0 0
324 1 0 0 0 0 0 1 0 0
330 4 2 2 0 0 0 1 0 0
339 4 0 0 0 0 0 0 0 0
342 2 0 0 1 1 1 1 0 0
346 2 0 0 1 0 0 0 0 0
360 9 1 1 0 0 0 6 0 0
378 5 0 0 0 0 0 1 1 1
404 1 0 0 0 0 0 1 1 1
407 1 0 0 0 0 0 1 1 1
535 2 1 1 0 0 0 0 0 0
540 34 2 2 9 0 0 0 0 0
542 1 0 0 1 1 1 0 0 0
567 9 1 1 7 1 1 0 0 0
fn=dl_main
851 1 0 0 1 1 1 0 0 0
853 1 0 0 0 0 0 1 0 0
862 1 1 1 0 0 0 1 0 0
864 1 0 0 0 0 0 1 1 1
869 1 0 0 0 0 0 1 0 0
886 12 1 1 0 0 0 8 2 2
892 1 0 0 0 0 0 0 0 0
894 2 0 0 0 0 0 0 0 0
895 1 0 0 0 0 0 0 0 0
901 1 0 0 0 0 0 1 0 0
905 2 0 0 0 0 0 1 0 0
908 2 0 0 0 0 0 1 1 1
912 2 0 0 0 0 0 1 1 1
913 2 0 0 0 0 0 1 0 0
918 2 0 0 0 0 0 1 0 0
928 4 2 2 2 0 0 0 0 0
1129 8 1 1 0 0 0 1 0 0
1131 2 1 1 0 0 0 0 0 0
1132 1 0 0 0 0 0 1 0 0
1133 2 0 0 1 0 0 1 0 0
1134 3 0 0 2 0 0 1 0 0
1138 3 0 0 0 0 0 1 0 0
1139 2 1 1 1 0 0 0 0 0
1160 1 0 0 0 0 0 1 1 1
1161 1 0 0 0 0 0 1 0 0
1163 1 0 0 0 0 0 1 0 0
1165 1 0 0 1 0 0 0 0 0
1168 36 2 2 3 0 0 0 0 0
1169 71 1 1 9 5 5 0 0 0
1173 3 1 1 1 0 0 1 0 0
1174 1 0 0 0 0 0 0 0 0
1178 3 1 1 2 0 0 1 0 0
1179 1 0 0 0 0 0 0 0 0
1187 1 1 1 0 0 0 1 1 1
1188 2 0 0 2 1 1 0 0 0
1190 2 1 1 0 0 0 1 0 0
1197 3 0 0 1 0 0 0 0 0
1215 1 0 0 0 0 0 0 0 0
1223 4 0 0 2 0 0 0 0 0
1224 10 1 1 3 1 1 0 0 0
1225 4 0 0 2 0 0 0 0 0
1226 1 0 0 0 0 0 1 0 0
1229 4 0 0 2 1 1 0 0 0
1230 4 0 0 2 0 0 0 0 0
1231 2 0 0 0 0 0 2 0 0
1232 6 0 0 3 0 0 0 0 0
1233 2 0 0 0 0 0 1 0 0
1260 2 0 0 1 0 0 1 1 1
1261 1 0 0 0 0 0 0 0 0
1264 2 0 0 1 0 0 1 0 0
1265 2 0 0 1 0 0 1 0 0
1266 1 0 0 0 0 0 0 0 0
1271 3 0 0 1 1 1 0 0 0
1274 2 1 1 0 0 0 0 0 0
1276 2 0 0 0 0 0 0 0 0
1278 2 0 0 1 0 0 0 0 0
1291 3 0 0 1 0 0 0 0 0
1292 11 1 1 6 0 0 2 0 0
1297 1 1 1 0 0 0 1 0 0
1299 1 0 0 0 0 0 1 1 1
1300 1 0 0 0 0 0 1 0 0
1302 2 0 0 1 0 0 0 0 0
1303 2 0 0 0 0 0 1 0 0
1307 2 0 0 1 0 0 0 0 0
1309 2 0 0 0 0 0 0 0 0
1314 2 1 1 0 0 0 1 0 0
1317 4 0 0 0 0 0 1 0 0
1333 3 1 1 0 0 0 1 1 1
1339 9 1 1 1 0 0 2 0 0
1344 2 1 1 1 0 0 1 0 0
1347 4 1 0 1 0 0 2 0 0
1349 1 1 1 0 0 0 1 0 0
1354 2 0 0 1 0 0 0 0 0
1357 3 0 0 2 0 0 1 0 0
1358 4 0 0 1 0 0 1 0 0
1359 2 0 0 0 0 0 1 0 0
1360 1 0 0 0 0 0 1 0 0
1361 1 0 0 1 0 0 0 0 0
1362 1 1 1 1 0 0 0 0 0
1367 2 0 0 1 0 0 0 0 0
1368 5 0 0 1 0 0 1 0 0
1372 1 0 0 1 0 0 0 0 0
1374 4 1 1 1 0 0 0 0 0
1375 2 0 0 0 0 0 1 0 0
1376 4 0 0 1 1 1 1 0 0
1381 2 0 0 0 0 0 0 0 0
1382 6 0 0 1 1 1 0 0 0
1384 2 1 1 1 0 0 1 1 1
1385 2 0 0 1 0 0 1 0 0
1390 2 0 0 1 1 1 0 0 0
1395 3 0 0 1 0 0 0 0 0
1518 2 1 1 0 0 0 0 0 0
1576 3 1 1 1 0 0 0 0 0
1579 2 0 0 1 0 0 1 0 0
1583 3 0 0 1 0 0 0 0 0
1588 2 0 0 1 0 0 1 0 0
1589 1 0 0 0 0 0 1 0 0
1594 3 1 1 1 0 0 0 0 0
1609 3 0 0 2 0 0 0 0 0
1611 1 0 0 0 0 0 0 0 0
1613 3 0 0 1 0 0 0 0 0
1620 11 2 2 0 0 0 3 0 0
1623 6 0 0 0 0 0 0 0 0
1626 12 2 1 0 0 0 2 0 0
1627 2 0 0 1 0 0 0 0 0
1628 3 0 0 1 0 0 0 0 0
1630 6 1 0 0 0 0 1 0 0
1632 4 1 1 0 0 0 0 0 0
1633 2 0 0 1 0 0 0 0 0
1634 3 0 0 0 0 0 1 0 0
1644 5 2 1 0 0 0 1 0 0
1721 4 0 0 2 0 0 0 0 0
1725 8 2 2 0 0 0 0 0 0
1726 1 0 0 0 0 0 0 0 0
1729 2 0 0 0 0 0 1 0 0
1730 1 0 0 1 0 0 0 0 0
1731 2 0 0 0 0 0 0 0 0
1732 2 0 0 0 0 0 0 0 0
1738 5 0 0 0 0 0 0 0 0
1739 8 1 1 0 0 0 1 0 0
1740 4 1 1 0 0 0 0 0 0
1742 2 0 0 1 1 1 0 0 0
1745 13 0 0 2 0 0 0 0 0
1746 16 1 1 8 0 0 0 0 0
1749 3 0 0 2 0 0 1 0 0
1750 3 0 0 1 0 0 0 0 0
1751 1 0 0 0 0 0 1 0 0
1753 12 0 0 0 0 0 0 0 0
1754 9 1 1 4 0 0 0 0 0
1764 2 1 1 0 0 0 1 0 0
1766 2 0 0 1 0 0 1 0 0
1767 2 0 0 1 1 1 0 0 0
1769 3 0 0 0 0 0 1 0 0
1771 3 0 0 0 0 0 0 0 0
1773 3 0 0 1 1 1 0 0 0
1774 1 1 1 1 0 0 0 0 0
1787 2 0 0 0 0 0 0 0 0
1788 2 0 0 0 0 0 1 0 0
1789 3 0 0 1 0 0 0 0 0
1800 4 0 0 0 0 0 1 0 0
1801 1 1 1 0 0 0 1 1 1
1802 5 0 0 0 0 0 1 0 0
1812 2 1 1 1 0 0 1 0 0
1813 2 0 0 1 0 0 0 0 0
1814 2 0 0 0 0 0 2 0 0
1816 2 0 0 1 0 0 0 0 0
1821 2 0 0 1 0 0 0 0 0
2051 3 0 0 1 1 1 0 0 0
2059 1 1 1 1 0 0 0 0 0
2107 2 2 2 0 0 0 1 0 0
2111 4 0 0 2 1 0 2 0 0
2115 2 0 0 1 0 0 1 1 1
2118 2 0 0 0 0 0 0 0 0
2126 2 0 0 0 0 0 0 0 0
2172 3 1 1 1 0 0 0 0 0
2179 1 0 0 1 1 1 0 0 0
2181 11 1 1 1 0 0 1 0 0
2183 13 1 1 1 1 1 0 0 0
2185 12 1 1 8 3 0 0 0 0
2190 8 0 0 8 1 0 0 0 0
2192 10 1 1 0 0 0 0 0 0
2194 1 1 1 0 0 0 1 0 0
2195 1 0 0 1 0 0 0 0 0
2198 4 0 0 4 1 1 0 0 0
2200 12 1 1 0 0 0 0 0 0
2201 24 0 0 6 3 3 3 0 0
2205 14 4 2 5 2 2 0 0 0
2206 3 1 1 0 0 0 1 0 0
2208 4 0 0 0 0 0 0 0 0
2210 2 0 0 0 0 0 1 1 0
2216 2 0 0 1 0 0 0 0 0
2221 4 1 1 2 1 0 0 0 0
2222 1 0 0 1 1 0 0 0 0
2227 2 0 0 1 0 0 1 0 0
2231 2 0 0 1 0 0 0 0 0
2245 3 1 1 2 1 1 0 0 0
2247 4 1 1 1 0 0 0 0 0
2262 5 0 0 0 0 0 0 0 0
2264 1 0 0 1 1 1 0 0 0
2265 5 0 0 1 0 0 1 0 0
2266 4 1 1 0 0 0 0 0 0
2268 3 0 0 1 1 0 0 0 0
2276 1 0 0 0 0 0 1 0 0
2280 3 0 0 1 0 0 0 0 0
2300 3 1 1 0 0 0 1 0 0
2301 1 0 0 0 0 0 1 0 0
2302 1 0 0 0 0 0 1 0 0
2307 1 0 0 0 0 0 1 0 0
2312 8 0 0 7 2 2 0 0 0
2480 2 1 1 1 0 0 1 0 0
2482 1 0 0 0 0 0 0 0 0
2483 1 0 0 0 0 0 0 0 0
2487 11 1 1 1 0 0 3 0 0
2489 15 1 1 3 0 0 3 1 1
2493 105 0 0 21 1 1 0 0 0
2494 19 0 0 0 0 0 0 0 0
2496 4 0 0 0 0 0 0 0 0
2502 16 1 1 2 1 1 0 0 0
2523 6 2 2 0 0 0 1 0 0
2530 6 1 1 0 0 0 1 0 0
2532 3 1 1 0 0 0 1 0 0
2576 6 2 2 0 0 0 1 0 0
2578 3 0 0 0 0 0 1 0 0
2648 3 1 1 1 0 0 0 0 0
2678 3 0 0 1 0 0 0 0 0
fn=do_preload
802 6 0 0 0 0 0 3 0 0
804 1 0 0 0 0 0 1 0 0
808 1 0 0 0 0 0 1 0 0
809 1 1 1 0 0 0 1 0 0
810 1 0 0 0 0 0 1 0 0
812 1 0 0 1 0 0 0 0 0
814 6 0 0 0 0 0 1 0 0
815 3 1 0 1 0 0 0 0 0
823 3 1 1 1 0 0 0 0 0
829 5 0 0 4 0 0 0 0 0
fn=init_tls
715 1 0 0 0 0 0 1 0 0
717 2 0 0 1 0 0 1 0 0
721 2 0 0 1 1 1 0 0 0
722 1 1 1 0 0 0 0 0 0
727 2 0 0 0 0 0 1 0 0
730 1 0 0 0 0 0 1 0 0
731 4 0 0 0 0 0 1 0 0
736 1 0 0 0 0 0 0 0 0
738 1 0 0 0 0 0 1 0 0
742 2 1 1 1 1 1 0 0 0
743 1 0 0 0 0 0 0 0 0
744 11 1 1 1 0 0 0 0 0
745 8 0 0 4 0 0 0 0 0
746 8 0 0 4 4 4 0 0 0
750 3 0 0 0 0 0 1 1 1
752 1 0 0 0 0 0 0 0 0
754 3 0 0 0 0 0 0 0 0
757 1 1 1 0 0 0 1 0 0
764 2 0 0 0 0 0 1 0 0
765 2 0 0 0 0 0 0 0 0
771 2 1 1 1 0 0 1 0 0
779 7 0 0 0 0 0 2 0 0
783 1 1 1 0 0 0 1 0 0
785 1 0 0 0 0 0 0 0 0
786 2 0 0 2 0 0 0 0 0
fn=map_doit
623 2 1 1 0 0 0 1 0 0
625 8 1 1 3 0 0 2 0 0
627 2 0 0 2 0 0 0 0 0
fn=rtld_lock_default_lock_recursive
836 10 5 4 10 3 3 0 0 0
fn=rtld_lock_default_unlock_recursive
842 10 5 5 10 1 1 0 0 0
fn=version_check_doit
655 2 1 1 0 0 0 1 0 0
657 6 0 0 2 0 0 1 0 0
661 2 0 0 2 0 0 0 0 0
fl=/build/glibc-3Vu5mt/glibc-2.19/elf/setup-vdso.h
fn=dl_main
24 2 0 0 1 0 0 0 0 0
fl=/build/glibc-3Vu5mt/glibc-2.19/intl/../intl/l10nflist.c
fn=_nl_normalize_codeset
321 5 1 1 0 0 0 3 0 0
322 1 0 0 0 0 0 0 0 0
323 1 0 0 0 0 0 0 0 0
333 13 2 2 1 1 1 0 0 0
334 16 0 0 8 3 3 0 0 0
336 4 0 0 0 0 0 0 0 0
338 4 0 0 0 0 0 0 0 0
339 14 0 0 0 0 0 0 0 0
342 5 0 0 0 0 0 1 0 0
344 4 1 1 0 0 0 0 0 0
350 8 0 0 0 0 0 0 0 0
351 16 1 1 8 3 3 0 0 0
352 15 0 0 4 3 3 3 0 0
353 5 0 0 0 0 0 0 0 0
354 2 0 0 0 0 0 1 0 0
356 1 0 0 0 0 0 1 0 0
360 5 0 0 4 1 1 0 0 0
fl=/build/glibc-3Vu5mt/glibc-2.19/intl/bindtextdom.c
fn=bindtextdomain
108 5 1 1 1 1 1 0 0 0
347 2 1 1 0 0 0 1 0 0
350 6 0 0 2 0 0 1 0 0
fn=set_binding_values.part.0
99 10 1 1 0 0 0 6 0 0
117 3 0 0 1 0 0 0 0 0
121 5 0 0 2 0 0 0 0 0
215 4 1 1 1 0 0 0 0 0
227 3 0 0 0 0 0 1 0 0
228 2 0 0 0 0 0 1 0 0
229 1 0 0 0 0 0 0 0 0
231 2 0 0 0 0 0 0 0 0
234 4 1 1 0 0 0 1 0 0
236 2 0 0 0 0 0 0 0 0
238 1 0 0 1 0 0 0 0 0
240 2 0 0 0 0 0 0 0 0
242 1 0 0 0 0 0 0 0 0
245 5 0 0 0 0 0 1 0 0
264 1 1 1 0 0 0 1 0 0
265 1 0 0 0 0 0 1 0 0
271 2 0 0 0 0 0 0 0 0
296 2 1 1 0 0 0 1 0 0
299 3 0 0 1 0 0 0 0 0
302 1 1 1 0 0 0 1 0 0
303 2 0 0 0 0 0 1 0 0
336 2 1 1 2 0 0 0 0 0
338 3 0 0 1 0 0 0 0 0
339 8 1 1 7 0 0 0 0 0
fl=/build/glibc-3Vu5mt/glibc-2.19/intl/textdomain.c
fn=textdomain
82 4 1 1 0 0 0 2 0 0
87 2 0 0 0 0 0 0 0 0
90 3 0 0 1 0 0 0 0 0
92 1 0 0 1 1 1 0 0 0
95 2 1 1 1 0 0 0 0 0
96 5 1 1 0 0 0 1 0 0
101 5 0 0 0 0 0 1 0 0
111 3 1 1 0 0 0 1 0 0
119 2 0 0 0 0 0 0 0 0
120 2 0 0 0 0 0 1 0 0
128 2 0 0 2 0 0 0 0 0
130 5 0 0 0 0 0 0 0 0
134 3 0 0 1 0 0 0 0 0
137 5 0 0 3 0 0 0 0 0
fl=/build/glibc-3Vu5mt/glibc-2.19/io/../sysdeps/unix/syscall-template.S
fn=__close_nocancel
81 10 1 1 2 0 0 0 0 0
fn=__open_nocancel
81 5 1 1 1 0 0 0 0 0
fn=__write_nocancel
81 5 0 0 1 0 0 0 0 0
fn=access
81 12 3 2 0 0 0 0 0 0
83 15 0 0 3 0 0 3 0 0
fn=close
81 12 3 1 0 0 0 0 0 0
82 3 0 0 3 0 0 0 0 0
fn=open
81 28 2 1 0 0 0 0 0 0
82 3 0 0 3 0 0 0 0 0
83 20 0 0 4 0 0 4 0 0
fn=read
81 8 2 2 0 0 0 0 0 0
82 2 0 0 2 0 0 0 0 0
fn=write
81 2 1 1 1 0 0 0 0 0
fl=/build/glibc-3Vu5mt/glibc-2.19/io/../sysdeps/unix/sysv/linux/wordsize-64/fxstat.c
fn=_fxstat
33 5 0 0 0 0 0 0 0 0
34 10 4 3 0 0 0 0 0 0
35 30 2 2 0 0 0 0 0 0
39 5 0 0 5 0 0 0 0 0
fl=/build/glibc-3Vu5mt/glibc-2.19/io/../sysdeps/unix/sysv/linux/wordsize-64/xstat.c
fn=_xstat
33 4 0 0 0 0 0 0 0 0
34 8 1 1 0 0 0 0 0 0
35 36 1 0 3 0 0 3 0 0
39 1 0 0 1 0 0 0 0 0
fl=/build/glibc-3Vu5mt/glibc-2.19/libio/__fpending.c
fn=__fpending
23 6 2 1 2 2 1 0 0 0
26 4 2 1 4 2 1 0 0 0
27 2 0 0 2 0 0 0 0 0
fl=/build/glibc-3Vu5mt/glibc-2.19/libio/__freading.c
fn=__freading
23 4 2 1 4 0 0 0 0 0
24 24 0 0 0 0 0 0 0 0
26 4 0 0 4 0 0 0 0 0
fl=/build/glibc-3Vu5mt/glibc-2.19/libio/filedoalloc.c
fn=_IO_file_doallocate
96 5 1 1 0 0 0 3 0 0
111 8 1 1 3 1 1 1 0 0
113 4 0 0 1 1 0 0 0 0
124 6 0 0 1 0 0 0 0 0
128 8 1 1 0 0 0 1 0 0
129 5 0 0 0 0 0 1 0 0
130 1 0 0 0 0 0 0 0 0
131 5 1 1 4 0 0 0 0 0
fl=/build/glibc-3Vu5mt/glibc-2.19/libio/fileno.c
fn=fileno
36 10 2 1 4 1 0 0 0 0
43 2 0 0 2 0 0 0 0 0
fl=/build/glibc-3Vu5mt/glibc-2.19/libio/fileops.c
fn=_IO_do_write@@GLIBC_2.2.5
501 6 0 0 0 0 0 3 0 0
503 14 3 1 0 0 0 1 0 0
504 6 1 1 6 0 0 0 0 0
fn=_IO_file_close
1237 4 1 0 2 0 0 0 0 0
fn=_IO_file_close_it@@GLIBC_2.2.5
157 8 1 1 0 0 0 6 0 0
159 6 0 0 2 0 0 0 0 0
162 4 1 1 0 0 0 0 0 0
163 4 0 0 2 0 0 0 0 0
164 9 2 2 3 0 0 1 0 0
166 2 0 0 0 0 0 0 0 0
168 4 0 0 0 0 0 2 0 0
171 16 1 1 6 1 0 2 0 0
175 6 0 0 2 0 0 0 0 0
184 10 1 1 0 0 0 2 0 0
185 6 0 0 0 0 0 6 0 0
186 6 0 0 0 0 0 6 0 0
188 4 0 0 0 0 0 2 0 0
189 2 0 0 0 0 0 2 0 0
190 2 0 0 0 0 0 2 0 0
191 2 0 0 0 0 0 2 0 0
193 6 0 0 0 0 0 0 0 0
194 8 0 0 8 0 0 0 0 0
fn=_IO_file_finish@@GLIBC_2.2.5
201 4 0 0 0 0 0 2 0 0
202 4 0 0 2 0 0 0 0 0
208 6 1 1 0 0 0 0 0 0
209 2 0 0 2 0 0 0 0 0
fn=_IO_file_overflow@@GLIBC_2.2.5
816 4 1 1 0 0 0 3 0 0
817 3 0 0 1 0 0 0 0 0
824 3 0 0 0 0 0 0 0 0
827 2 1 1 1 0 0 0 0 0
829 2 1 1 0 0 0 1 0 0
830 6 1 1 2 0 0 3 0 0
839 2 0 0 0 0 0 0 0 0
848 4 0 0 2 0 0 0 0 0
850 1 0 0 0 0 0 1 0 0
851 1 0 0 0 0 0 1 0 0
852 1 0 0 0 0 0 1 0 0
853 2 1 1 0 0 0 2 0 0
855 3 0 0 0 0 0 1 0 0
856 5 0 0 1 0 0 0 0 0
859 2 1 1 0 0 0 0 0 0
860 2 0 0 0 0 0 0 0 0
861 2 1 1 1 0 0 0 0 0
872 3 0 0 3 0 0 0 0 0
fn=_IO_file_stat
1214 1 1 1 0 0 0 0 0 0
1215 3 0 0 1 0 0 0 0 0
fn=_IO_file_sync@@GLIBC_2.2.5
878 4 2 1 0 0 0 2 0 0
883 8 2 1 4 0 0 0 0 0
884 10 2 2 1 0 0 1 0 0
885 2 0 0 2 0 0 0 0 0
886 4 0 0 2 0 0 0 0 0
903 4 1 0 0 0 0 2 0 0
907 4 0 0 4 0 0 0 0 0
fn=_IO_file_write@@GLIBC_2.2.5
1246 7 1 1 0 0 0 4 0 0
1248 7 0 0 0 0 0 0 0 0
1252 3 0 0 1 0 0 0 0 0
1253 3 1 1 1 0 0 1 0 0
1254 2 0 0 0 0 0 0 0 0
1259 1 0 0 0 0 0 0 0 0
1260 1 0 0 0 0 0 0 0 0
1263 3 0 0 1 0 0 0 0 0
1266 9 1 1 5 0 0 0 0 0
fn=_IO_file_xsputn@@GLIBC_2.2.5
1273 6 1 1 0 0 0 5 0 0
1279 2 0 0 0 0 0 0 0 0
1280 1 0 0 0 0 0 0 0 0
1286 6 0 0 1 1 1 0 0 0
1303 6 2 2 2 1 1 0 0 0
1320 3 0 0 0 0 0 0 0 0
1324 6 0 0 2 1 1 1 0 0
1330 2 1 1 2 0 0 0 0 0
1331 6 0 0 0 0 0 0 0 0
1333 3 0 0 0 0 0 0 0 0
1344 2 0 0 0 0 0 0 0 0
1345 6 0 0 0 0 0 1 0 0
1347 2 0 0 0 0 0 0 0 0
1348 6 0 0 6 0 0 0 0 0
fn=new_do_write
513 6 1 1 0 0 0 3 0 0
515 2 0 0 1 0 0 0 0 0
522 4 1 1 2 0 0 0 0 0
530 7 1 1 2 0 0 1 0 0
531 3 0 0 1 0 0 0 0 0
533 4 0 0 1 0 0 3 0 0
534 2 0 0 0 0 0 2 0 0
535 1 0 0 0 0 0 1 0 0
536 3 1 1 1 0 0 0 0 0
537 4 0 0 2 0 0 0 0 0
539 4 0 0 4 0 0 0 0 0
fl=/build/glibc-3Vu5mt/glibc-2.19/libio/genops.c
fn=_IO_cleanup
950 7 0 0 2 0 0 0 0 0
952 3 0 0 1 1 1 0 0 0
953 2 0 0 0 0 0 0 0 0
954 1 0 0 0 0 0 0 0 0
962 1 0 0 1 0 0 0 0 0
990 1 1 1 0 0 0 1 0 0
1010 5 2 2 0 0 0 4 0 0
1013 3 0 0 0 0 0 1 0 0
1025 7 0 0 5 0 0 0 0 0
fn=_IO_default_finish
686 4 1 1 0 0 0 2 0 0
688 6 0 0 2 0 0 0 0 0
694 6 0 0 2 0 0 0 0 0
697 6 1 1 2 0 0 0 0 0
703 4 0 0 0 0 0 0 0 0
709 2 0 0 2 0 0 0 0 0
fn=_IO_default_xsputn
447 6 1 1 0 0 0 5 0 0
450 6 0 0 0 0 0 0 0 0
451 1 0 0 0 0 0 0 0 0
455 4 0 0 2 0 0 0 0 0
457 3 1 1 0 0 0 0 0 0
460 2 0 0 0 0 0 0 0 0
470 4 0 0 0 0 0 0 0 0
474 17 0 0 0 0 0 1 0 0
475 21 0 0 7 0 0 7 1 1
478 1 0 0 0 0 0 0 0 0
480 2 1 1 0 0 0 0 0 0
484 2 1 1 0 0 0 0 0 0
485 6 0 0 6 0 0 0 0 0
fn=_IO_doallocbuf
414 2 1 1 0 0 0 1 0 0
415 2 0 0 1 0 0 0 0 0
417 2 0 0 1 0 0 0 0 0
418 5 0 0 2 1 1 1 0 0
421 2 0 0 2 0 0 0 0 0
fn=_IO_flush_all_lockp
822 8 1 1 0 0 0 6 0 0
823 1 0 0 0 0 0 0 0 0
828 3 0 0 0 0 0 0 0 0
833 1 0 0 1 0 0 0 0 0
834 1 1 1 1 0 0 0 0 0
835 4 1 1 0 0 0 0 0 0
837 1 0 0 0 0 0 1 0 0
838 2 0 0 0 0 0 0 0 0
839 2 0 0 1 0 0 0 0 0
841 7 3 3 3 2 2 0 0 0
851 2 0 0 0 0 0 0 0 0
853 1 0 0 0 0 0 1 0 0
855 3 1 1 1 0 0 0 0 0
862 1 0 0 1 1 1 0 0 0
866 2 0 0 0 0 0 0 0 0
868 2 0 0 0 0 0 0 0 0
872 9 0 0 7 0 0 0 0 0
fn=_IO_setb
399 15 2 1 0 0 0 6 0 0
400 14 0 0 6 0 0 0 0 0
401 11 1 1 4 0 0 3 0 0
402 3 0 0 0 0 0 3 0 0
403 3 0 0 0 0 0 3 0 0
404 6 0 0 0 0 0 0 0 0
405 2 0 0 0 0 0 1 0 0
407 4 0 0 0 0 0 2 0 0
408 12 1 1 9 0 0 0 0 0
fn=_IO_un_link
60 24 1 1 0 0 0 12 0 0
61 12 1 1 6 0 0 0 0 0
65 12 0 0 2 0 0 4 0 0
66 22 1 1 10 0 0 2 0 0
67 2 0 0 0 0 0 2 1 1
68 40 2 2 20 0 0 2 0 0
70 6 0 0 2 1 1 0 0 0
72 4 0 0 0 0 0 0 0 0
74 3 0 0 1 0 0 1 0 0
75 1 0 0 1 0 0 0 0 0
78 5 1 1 1 1 1 0 0 0
79 3 1 1 0 0 0 0 0 0
81 2 1 1 1 0 0 1 0 0
82 1 0 0 1 0 0 0 0 0
83 1 0 0 0 0 0 0 0 0
85 4 0 0 0 0 0 2 0 0
87 22 1 1 8 0 0 2 0 0
88 2 1 1 0 0 0 2 0 0
89 14 0 0 6 0 0 2 0 0
90 4 0 0 0 0 0 0 0 0
93 24 1 1 18 0 0 0 0 0
fn=_IO_unsave_markers
1121 4 1 1 2 0 0 0 0 0
1140 4 0 0 2 0 0 0 0 0
1141 2 1 1 2 0 0 0 0 0
fl=/build/glibc-3Vu5mt/glibc-2.19/libio/iofclose.c
fn=fclose@@GLIBC_2.2.5
40 8 1 1 0 0 0 6 0 0
54 8 0 0 2 0 0 0 0 0
55 8 1 1 2 0 0 2 0 0
57 36 1 1 18 0 0 2 0 0
58 4 1 1 0 0 0 0 0 0
59 10 1 1 2 0 0 2 0 0
61 6 0 0 0 0 0 0 0 0
63 8 0 0 4 1 0 2 0 0
64 6 0 0 2 0 0 0 0 0
79 4 0 0 2 0 0 0 0 0
82 10 1 1 5 1 1 0 0 0
89 10 0 0 8 0 0 0 0 0
fl=/build/glibc-3Vu5mt/glibc-2.19/libio/iofflush.c
fn=fflush
33 4 0 0 0 0 0 2 0 0
34 4 2 1 0 0 0 0 0 0
40 32 2 1 18 1 1 2 0 0
41 14 2 1 4 1 0 2 0 0
45 6 2 1 4 0 0 0 0 0
fl=/build/glibc-3Vu5mt/glibc-2.19/libio/iofputs_u.c
fn=fputs_unlocked
35 5 1 1 0 0 0 3 0 0
36 2 0 0 0 0 0 1 0 0
39 11 1 1 3 2 2 2 0 0
40 1 0 0 0 0 0 0 0 0
42 4 0 0 4 0 0 0 0 0
fl=/build/glibc-3Vu5mt/glibc-2.19/libio/libioP.h
fn=fclose@@GLIBC_2.2.5
888 4 0 0 0 0 0 0 0 0
889 18 1 1 8 0 0 2 0 0
fn=fflush
888 4 0 0 2 0 0 0 0 0
889 18 0 0 8 0 0 2 0 0
fl=/build/glibc-3Vu5mt/glibc-2.19/locale/findlocale.c
fn=_nl_find_locale
66 96 0 0 12 0 0 0 0 0
75 36 0 0 0 0 0 12 0 0
78 24 0 0 0 0 0 0 0 0
82 84 12 2 0 0 0 12 0 0
85 24 0 0 0 0 0 0 0 0
87 12 0 0 0 0 0 0 0 0
88 48 1 1 24 0 0 0 0 0
96 72 0 0 0 0 0 12 0 0
105 144 2 2 0 0 0 84 0 0
108 12 0 0 12 1 1 0 0 0
116 24 0 0 12 1 1 0 0 0
120 36 1 1 0 0 0 12 0 0
122 48 2 2 0 0 0 12 0 0
123 36 0 0 12 2 2 0 0 0
125 36 0 0 0 0 0 12 0 0
134 60 12 2 0 0 0 12 0 0
135 60 0 0 0 0 0 12 0 0
148 12 0 0 0 0 0 12 0 0
152 24 0 0 0 0 0 0 0 0
154 36 0 0 0 0 0 12 0 0
156 24 1 1 0 0 0 0 0 0
318 96 1 1 84 1 1 0 0 0
fl=/build/glibc-3Vu5mt/glibc-2.19/locale/hashval.h
fn=_nl_load_locale_from_archive
36 1 0 0 0 0 0 0 0 0
37 29 0 0 0 0 0 0 0 0
39 20 0 0 0 0 0 0 0 0
40 20 0 0 10 0 0 0 0 0
42 3 0 0 0 0 0 0 0 0
fl=/build/glibc-3Vu5mt/glibc-2.19/locale/lc-ctype.c
fn=_nl_postload_ctype
38 1 1 1 1 0 0 0 0 0
56 1 0 0 0 0 0 1 0 0
57 2 0 0 1 0 0 0 0 0
58 1 1 1 0 0 0 1 0 0
59 2 0 0 1 1 1 0 0 0
60 1 0 0 0 0 0 1 0 0
61 2 0 0 1 0 0 0 0 0
65 5 0 0 2 2 2 0 0 0
67 2 1 1 1 1 1 1 0 0
69 2 0 0 1 0 0 1 0 0
71 3 1 1 1 1 1 1 0 0
103 5 0 0 3 0 0 1 0 0
104 4 1 1 2 0 0 1 0 0
105 4 0 0 2 0 0 1 0 0
106 3 0 0 2 0 0 1 0 0
107 3 0 0 2 2 2 1 0 0
108 4 0 0 3 0 0 1 0 0
fl=/build/glibc-3Vu5mt/glibc-2.19/locale/loadarchive.c
fn=_nl_load_locale_from_archive
119 4 0 0 2 1 1 0 0 0
120 2 0 0 2 0 0 0 0 0
122 5 0 0 2 0 0 0 0 0
123 4 1 1 0 0 0 0 0 0
135 120 2 2 0 0 0 96 1 1
136 12 0 0 12 0 0 0 0 0
154 24 0 0 0 0 0 12 0 0
160 37 0 0 12 2 1 0 0 0
161 88 11 0 11 0 0 11 0 0
163 22 0 0 11 0 0 11 0 0
164 22 0 0 22 0 0 0 0 0
170 3 1 1 0 0 0 1 0 0
171 4 0 0 1 0 0 0 0 0
173 5 1 1 0 0 0 1 0 0
174 6 0 0 0 0 0 1 0 0
175 2 1 1 0 0 0 0 0 0
177 6 1 1 0 0 0 1 0 0
178 2 0 0 1 0 0 0 0 0
190 3 1 1 0 0 0 1 0 0
195 2 1 1 1 1 1 0 0 0
203 2 0 0 0 0 0 1 0 0
206 5 0 0 0 0 0 1 0 0
207 2 0 0 0 0 0 0 0 0
211 6 1 1 0 0 0 1 0 0
226 1 0 0 1 1 1 0 0 0
228 8 0 0 0 0 0 1 0 0
229 2 1 1 0 0 0 0 0 0
236 2 0 0 0 0 0 0 0 0
256 3 0 0 0 0 0 0 0 0
260 1 0 0 0 0 0 1 1 1
262 3 0 0 0 0 0 2 0 0
271 2 1 1 0 0 0 1 0 0
274 4 1 1 2 0 0 1 0 0
278 3 0 0 1 0 0 0 0 0
281 5 0 0 0 0 0 0 0 0
282 9 1 1 1 0 0 0 0 0
288 3 0 0 1 1 1 0 0 0
292 3 1 1 1 0 0 0 0 0
293 9 0 0 3 0 0 3 0 0
303 3 1 1 1 0 0 0 0 0
306 2 0 0 1 0 0 0 0 0
311 45 0 0 2 0 0 0 0 0
312 24 0 0 0 0 0 0 0 0
313 50 1 1 0 0 0 0 0 0
315 60 0 0 24 2 2 0 0 0
319 24 0 0 12 0 0 12 0 0
320 12 0 0 0 0 0 12 4 4
461 2 1 1 0 0 0 1 0 0
462 3 0 0 0 0 0 1 0 0
465 5 0 0 3 1 1 2 0 0
466 2 0 0 0 0 0 0 0 0
472 40 1 1 1 1 1 1 0 0
473 3 0 0 0 0 0 1 0 0
475 24 0 0 0 0 0 0 0 0
476 26 0 0 0 0 0 0 0 0
478 84 1 1 36 0 0 36 1 1
481 24 0 0 0 0 0 0 0 0
484 12 0 0 0 0 0 12 0 0
485 24 0 0 12 0 0 12 0 0
494 12 0 0 0 0 0 12 0 0
498 3 1 1 2 0 0 1 1 0
499 3 0 0 2 0 0 0 0 0
500 96 13 1 84 1 1 0 0 0
fl=/build/glibc-3Vu5mt/glibc-2.19/locale/loadlocale.c
fn=_nl_intern_locale_data
66 96 1 1 0 0 0 72 0 0
76 24 0 0 0 0 0 0 0 0
77 151 1 1 12 6 6 0 0 0
84 72 0 0 24 3 3 0 0 0
86 24 0 0 0 0 0 0 0 0
87 12 0 0 0 0 0 0 0 0
95 36 1 1 0 0 0 12 0 0
97 24 0 0 0 0 0 0 0 0
98 12 0 0 0 0 0 0 0 0
100 12 0 0 0 0 0 12 3 3
101 12 0 0 0 0 0 12 4 4
102 12 0 0 0 0 0 12 3 3
103 12 0 0 0 0 0 12 0 0
104 12 1 1 0 0 0 12 0 0
105 12 0 0 0 0 0 12 0 0
106 12 0 0 0 0 0 12 0 0
107 1038 1 1 0 0 0 0 0 0
109 644 0 0 322 21 21 0 0 0
110 644 0 0 0 0 0 0 0 0
121 1944 1 1 322 2 2 0 0 0
128 12 1 1 0 0 0 0 0 0
129 222 1 1 0 0 0 0 0 0
130 38 0 0 0 0 0 0 0 0
131 92 1 1 0 0 0 0 0 0
132 10 1 1 0 0 0 0 0 0
133 6 1 1 0 0 0 0 0 0
134 14 0 0 0 0 0 0 0 0
135 26 1 1 0 0 0 0 0 0
136 10 1 1 0 0 0 0 0 0
137 4 0 0 0 0 0 0 0 0
138 48 0 0 0 0 0 0 0 0
140 178 1 1 0 0 0 0 0 0
144 322 0 0 0 0 0 0 0 0
147 1220 0 0 610 23 23 0 0 0
148 574 0 0 0 0 0 287 28 28
151 70 1 1 0 0 0 0 0 0
153 70 0 0 0 0 0 35 4 4
154 35 0 0 35 12 12 0 0 0
159 96 0 0 84 0 0 0 0 0
fl=/build/glibc-3Vu5mt/glibc-2.19/locale/setlocale.c
fn=new_composite_name
141 11 1 1 0 0 0 7 0 0
143 1 0 0 0 0 0 0 0 0
146 2 0 0 0 0 0 1 0 0
148 48 0 0 0 0 0 0 0 0
149 26 1 1 0 0 0 0 0 0
151 60 0 0 24 0 0 0 0 0
154 36 1 1 0 0 0 12 0 0
155 48 0 0 12 0 0 0 0 0
156 150 0 0 36 0 0 22 0 0
160 3 0 0 1 0 0 0 0 0
163 7 1 1 2 0 0 1 0 0
164 5 0 0 0 0 0 1 0 0
165 1 0 0 0 0 0 0 0 0
167 3 1 1 0 0 0 1 0 0
169 6 1 1 0 0 0 0 0 0
190 9 1 1 6 0 0 1 0 0
fn=setlocale
197 39 0 0 14 0 0 0 0 0
200 39 1 1 0 0 0 0 0 0
203 14 0 0 1 0 0 13 0 0
212 24 0 0 12 0 0 12 2 2
213 48 0 0 12 2 2 0 0 0
214 1 0 0 0 0 0 1 0 0
220 8 2 2 0 0 0 6 0 0
227 2 0 0 0 0 0 0 0 0
228 1 0 0 0 0 0 0 0 0
232 3 0 0 0 0 0 0 0 0
236 3 0 0 1 0 0 0 0 0
238 8 1 1 1 1 1 1 0 0
251 1 0 0 0 0 0 1 0 0
252 1 0 0 0 0 0 1 0 0
254 2 1 1 0 0 0 1 0 0
255 2 0 0 0 0 0 0 0 0
267 30 2 2 0 0 0 0 0 0
276 1 0 0 0 0 0 1 0 0
279 24 0 0 0 0 0 0 0 0
280 26 0 0 0 0 0 0 0 0
281 12 0 0 0 0 0 12 1 1
283 5 1 1 0 0 0 1 0 0
287 15 12 1 0 0 0 0 0 0
337 42 0 0 0 0 0 0 0 0
338 26 0 0 0 0 0 0 0 0
340 84 1 1 24 0 0 24 2 2
344 24 1 1 0 0 0 0 0 0
358 24 0 0 12 4 0 0 0 0
362 48 1 1 12 0 0 0 0 0
364 84 0 0 12 3 3 24 1 1
369 36 0 0 0 0 0 24 0 0
370 24 0 0 0 0 0 0 0 0
378 6 1 1 0 0 0 2 0 0
379 43 0 0 0 0 0 0 0 0
382 24 0 0 0 0 0 0 0 0
383 26 1 1 0 0 0 0 0 0
386 12 0 0 12 0 0 0 0 0
392 3 1 1 2 1 1 0 0 0
401 3 1 1 1 0 0 0 0 0
404 2 0 0 1 0 0 1 0 0
405 2 1 1 1 0 0 1 0 0
407 2 0 0 1 0 0 0 0 0
471 9 1 1 7 1 1 0 0 0
fl=/build/glibc-3Vu5mt/glibc-2.19/malloc/arena.c
fn=malloc_hook_ini
373 3 0 0 1 1 1 0 0 0
fn=ptmalloc_init.part.7
334 105 1 1 35 5 5 0 0 0
336 68 0 0 34 16 16 0 0 0
352 34 0 0 0 0 0 0 0 0
371 6 1 1 0 0 0 5 0 0
376 1 0 0 0 0 0 1 0 0
384 2 0 0 1 1 1 0 0 0
385 7 2 2 0 0 0 1 0 0
386 4 0 0 2 0 0 0 0 0
391 3 1 1 1 1 1 1 1 1
392 12 1 1 1 1 1 6 1 1
394 5 0 0 2 1 1 0 0 0
410 2 0 0 0 0 0 0 0 0
455 2 0 0 0 0 0 0 0 0
461 2 0 0 2 1 1 0 0 0
462 2 0 0 0 0 0 0 0 0
464 1 0 0 0 0 0 1 1 1
465 7 0 0 6 0 0 0 0 0
fl=/build/glibc-3Vu5mt/glibc-2.19/malloc/hooks.c
fn=malloc_hook_ini
29 4 1 1 1 1 1 2 0 0
30 2 1 1 1 0 0 1 0 0
32 1 0 0 0 0 0 0 0 0
33 1 0 0 0 0 0 0 0 0
fl=/build/glibc-3Vu5mt/glibc-2.19/malloc/malloc.c
fn=_int_free
1869 3 0 0 1 0 0 0 0 0
3814 9 1 1 0 0 0 7 0 0
3827 3 0 0 1 0 0 0 0 0
3833 4 0 0 0 0 0 0 0 0
3834 2 1 1 0 0 0 0 0 0
3845 4 0 0 0 0 0 0 0 0
3858 3 0 0 1 0 0 0 0 0
3869 4 0 0 1 0 0 0 0 0
3870 3 1 1 1 0 0 0 0 0
3894 1 0 0 0 0 0 0 0 0
3896 3 0 0 2 0 0 0 0 0
3897 2 0 0 0 0 0 0 0 0
3898 2 1 1 0 0 0 0 0 0
3901 1 0 0 1 0 0 0 0 0
3902 4 0 0 0 0 0 0 0 0
3907 3 0 0 1 0 0 0 0 0
3916 2 0 0 0 0 0 0 0 0
3918 1 1 1 0 0 0 1 0 0
3920 6 0 0 2 0 0 0 0 0
3922 2 0 0 0 0 0 0 0 0
4087 8 0 0 7 0 0 0 0 0
fn=_int_malloc
1862 90 0 0 30 0 0 0 0 0
2271 5 2 2 2 2 2 2 0 0
2272 2 0 0 0 0 0 0 0 0
2282 2 0 0 1 0 0 0 0 0
2360 3 1 1 1 0 0 1 0 0
2369 4 1 1 1 0 0 0 0 0
2378 3 1 1 0 0 0 0 0 0
2433 2 1 1 1 0 0 0 0 0
2442 5 1 1 2 0 0 0 0 0
2452 8 0 0 1 0 0 1 0 0
2460 2 0 0 0 0 0 0 0 0
2462 6 0 0 3 1 1 2 0 0
2466 4 1 1 1 0 0 0 0 0
2469 2 0 0 2 0 0 0 0 0
2470 2 0 0 0 0 0 0 0 0
2489 1 0 0 0 0 0 0 0 0
2493 2 0 0 1 0 0 0 0 0
2516 2 0 0 1 1 1 0 0 0
2517 1 0 0 0 0 0 1 0 0
2518 3 1 1 1 0 0 1 0 0
2524 2 0 0 1 0 0 0 0 0
2527 8 3 3 3 0 0 0 0 0
2569 6 2 2 0 0 0 1 0 0
2588 1 1 1 1 0 0 0 0 0
2591 2 0 0 0 0 0 0 0 0
2592 7 0 0 2 0 0 0 0 0
2594 2 0 0 0 0 0 0 0 0
2595 4 1 1 2 0 0 2 0 0
2607 3 0 0 1 0 0 0 0 0
2615 2 0 0 2 0 0 0 0 0
2616 3 0 0 1 0 0 0 0 0
2654 2 1 1 1 0 0 1 0 0
2655 4 0 0 0 0 0 1 1 1
2656 2 0 0 0 0 0 1 0 0
2667 2 0 0 1 0 0 0 0 0
2700 2 1 1 1 0 0 0 0 0
2701 1 1 1 0 0 0 1 0 0
2706 2 0 0 1 0 0 0 0 0
2709 2 0 0 1 0 0 0 0 0
2711 1 0 0 0 0 0 0 0 0
2712 1 0 0 0 0 0 0 0 0
2713 1 0 0 0 0 0 1 0 0
2714 8 0 0 0 0 0 1 0 0
2715 2 0 0 0 0 0 1 0 0
2717 1 0 0 0 0 0 0 0 0
3302 240 15 2 0 0 0 180 0 0
3332 270 15 2 0 0 0 0 0 0
3340 60 0 0 30 1 1 0 0 0
3342 69 0 0 0 0 0 0 0 0
3343 69 0 0 0 0 0 0 0 0
3344 23 0 0 23 0 0 0 0 0
3348 46 0 0 0 0 0 0 0 0
3351 6 1 1 3 0 0 0 0 0
3352 3 0 0 0 0 0 0 0 0
3355 5 1 1 1 0 0 0 0 0
3377 58 15 1 0 0 0 0 0 0
3379 58 0 0 0 0 0 0 0 0
3380 58 0 0 0 0 0 0 0 0
3382 87 0 0 29 8 6 0 0 0
3384 2 0 0 0 0 0 0 0 0
3423 4 1 1 1 0 0 2 0 0
3442 145 15 2 29 1 0 0 0 0
3462 58 0 0 0 0 0 29 0 0
3576 58 15 1 0 0 0 0 0 0
3649 29 0 0 0 0 0 0 0 0
3650 58 15 2 0 0 0 0 0 0
3651 58 0 0 0 0 0 0 0 0
3652 58 0 0 29 0 0 0 0 0
3653 58 0 0 0 0 0 0 0 0
3658 203 0 0 0 0 0 0 0 0
3662 342 15 2 0 0 0 0 0 0
3665 340 0 0 85 3 2 0 0 0
3743 1 0 0 0 0 0 0 0 0
3765 29 0 0 29 0 0 0 0 0
3766 88 1 1 29 1 0 1 0 0
3768 58 0 0 29 0 0 0 0 0
3770 28 0 0 0 0 0 0 0 0
3771 28 0 0 0 0 0 0 0 0
3772 28 0 0 0 0 0 28 0 0
3773 224 14 2 0 0 0 28 0 0
3775 56 14 1 0 0 0 28 21 21
3778 28 0 0 0 0 0 0 0 0
3785 2 0 0 1 0 0 0 0 0
3790 116 29 2 0 0 0 29 1 0
3792 725 15 1 0 0 0 290 0 0
3801 2 0 0 0 0 0 0 0 0
3806 270 15 2 210 0 0 0 0 0
fn=free
2917 6 2 2 6 1 1 0 0 0
2918 6 0 0 0 0 0 0 0 0
2924 6 0 0 0 0 0 0 0 0
2927 1 0 0 0 0 0 0 0 0
2929 3 0 0 1 0 0 0 0 0
2941 2 1 1 2 0 0 0 0 0
2945 3 1 1 0 0 0 0 0 0
2946 2 0 0 0 0 0 0 0 0
fn=malloc
2876 124 16 3 0 0 0 62 0 0
2881 62 0 0 62 4 4 0 0 0
2882 62 0 0 0 0 0 0 0 0
2883 2 1 1 1 0 0 0 0 0
2885 60 15 1 60 3 1 0 0 0
2887 240 0 0 60 1 1 0 0 0
2891 120 0 0 0 0 0 30 1 1
2892 60 15 2 0 0 0 0 0 0
2903 120 0 0 60 0 0 0 0 0
2904 240 0 0 30 0 0 0 0 0
2907 153 15 2 93 0 0 0 0 0
fn=malloc_consolidate
4104 8 2 2 0 0 0 6 0 0
4126 2 0 0 1 0 0 0 0 0
4196 1 0 0 0 0 0 0 0 0
4199 7 1 1 6 0 0 0 0 0
fn=malloc_init_state
1780 4 1 1 0 0 0 0 0 0
1785 254 0 0 0 0 0 0 0 0
1788 381 0 0 0 0 0 254 31 31
1792 3 0 0 0 0 0 0 0 0
1796 1 0 0 0 0 0 1 0 0
1797 4 1 1 2 0 0 1 0 0
1799 1 0 0 0 0 0 1 1 1
fl=/build/glibc-3Vu5mt/glibc-2.19/malloc/morecore.c
fn=__default_morecore
46 2 1 1 0 0 0 0 0 0
47 2 0 0 0 0 0 2 0 0
49 6 0 0 0 0 0 0 0 0
52 6 0 0 2 0 0 0 0 0
fl=/build/glibc-3Vu5mt/glibc-2.19/misc/../sysdeps/unix/syscall-template.S
fn=mmap
81 55 7 3 0 0 0 0 0 0
82 11 0 0 11 0 0 0 0 0
fn=mprotect
81 24 6 3 0 0 0 0 0 0
82 6 0 0 6 0 0 0 0 0
fn=munmap
81 8 1 0 0 0 0 0 0 0
82 2 0 0 2 0 0 0 0 0
fl=/build/glibc-3Vu5mt/glibc-2.19/misc/../sysdeps/unix/sysv/linux/getpagesize.c
fn=getpagesize
29 48 12 2 24 2 2 0 0 0
31 12 12 2 12 0 0 0 0 0
fl=/build/glibc-3Vu5mt/glibc-2.19/misc/../sysdeps/unix/sysv/linux/x86_64/brk.c
fn=brk
28 2 0 0 0 0 0 0 0 0
31 16 1 1 2 0 0 2 0 0
33 4 0 0 0 0 0 0 0 0
39 2 0 0 0 0 0 0 0 0
40 2 0 0 2 0 0 0 0 0
fl=/build/glibc-3Vu5mt/glibc-2.19/misc/init-misc.c
fn=__init_misc
30 4 1 1 0 0 0 2 0 0
31 5 0 0 1 0 0 0 0 0
33 3 0 0 0 0 0 1 0 0
34 2 0 0 0 0 0 0 0 0
35 3 1 1 1 1 1 1 1 1
38 3 0 0 2 0 0 1 0 0
40 4 0 0 3 0 0 0 0 0
fl=/build/glibc-3Vu5mt/glibc-2.19/misc/sbrk.c
fn=sbrk
34 8 1 1 0 0 0 6 0 0
42 11 1 1 5 3 3 0 0 0
43 6 1 1 1 0 0 1 0 0
46 4 0 0 0 0 0 0 0 0
50 4 0 0 0 0 0 0 0 0
53 3 0 0 0 0 0 1 0 0
57 10 0 0 8 0 0 0 0 0
fl=/build/glibc-3Vu5mt/glibc-2.19/nptl/../nptl/sysdeps/unix/sysv/linux/register-atfork.c
fn=__linkin_atfork
116 2 1 1 1 1 1 1 0 0
117 6 1 1 2 1 1 0 0 0
119 1 0 0 1 0 0 0 0 0
fl=/build/glibc-3Vu5mt/glibc-2.19/nptl/../nptl/sysdeps/unix/sysv/linux/unregister-atfork.c
fn=__unregister_atfork
28 2 0 0 0 0 0 1 0 0
36 1 1 1 1 1 1 0 0 0
39 4 0 0 0 0 0 0 0 0
40 3 0 0 1 1 1 0 0 0
45 1 1 1 1 0 0 0 0 0
121 2 0 0 2 0 0 0 0 0
fl=/build/glibc-3Vu5mt/glibc-2.19/posix/../sysdeps/posix/sysconf.c
fn=sysconf
52 72 24 4 12 2 2 0 0 0
213 36 12 2 0 0 0 12 0 0
fl=/build/glibc-3Vu5mt/glibc-2.19/posix/../sysdeps/unix/syscall-template.S
fn=uname
81 4 1 1 0 0 0 0 0 0
82 1 0 0 1 0 0 0 0 0
fl=/build/glibc-3Vu5mt/glibc-2.19/posix/../sysdeps/unix/sysv/linux/_exit.c
fn=_Exit
28 2 1 1 1 1 1 0 0 0
32 4 0 0 0 0 0 0 0 0
34 2 0 0 0 0 0 0 0 0
fl=/build/glibc-3Vu5mt/glibc-2.19/posix/../sysdeps/unix/sysv/linux/x86_64/../sysconf.c
fn=sysconf
71 96 0 0 0 0 0 0 0 0
106 12 0 0 0 0 0 0 0 0
fl=/build/glibc-3Vu5mt/glibc-2.19/posix/../sysdeps/unix/sysv/linux/x86_64/sysconf.c
fn=sysconf
32 60 12 2 0 0 0 36 1 1
33 36 12 2 0 0 0 0 0 0
37 60 12 2 48 0 0 0 0 0
fl=/build/glibc-3Vu5mt/glibc-2.19/setjmp/../sysdeps/x86_64/bsd-_setjmp.S
fn=_setjmp
30 1 1 1 0 0 0 0 0 0
32 1 0 0 0 0 0 0 0 0
fl=/build/glibc-3Vu5mt/glibc-2.19/setjmp/../sysdeps/x86_64/setjmp.S
fn=__sigsetjmp
26 4 4 3 0 0 0 4 0 0
35 4 0 0 0 0 0 0 0 0
36 8 3 2 4 0 0 0 0 0
37 4 0 0 0 0 0 4 0 0
41 4 0 0 0 0 0 4 0 0
42 4 0 0 0 0 0 4 0 0
43 4 0 0 0 0 0 4 0 0
44 4 0 0 0 0 0 4 0 0
45 4 0 0 0 0 0 0 0 0
47 8 0 0 4 0 0 0 0 0
49 4 0 0 0 0 0 4 0 0
50 4 1 1 4 0 0 0 0 0
53 8 0 0 4 0 0 0 0 0
55 4 0 0 0 0 0 4 1 1
59 3 0 0 0 0 0 0 0 0
60 3 0 0 3 0 0 0 0 0
64 1 0 0 0 0 0 0 0 0
fl=/build/glibc-3Vu5mt/glibc-2.19/setjmp/sigjmp.c
fn=__sigjmp_save
28 2 0 0 0 0 0 1 0 0
29 4 0 0 0 0 0 1 0 0
34 3 0 0 2 0 0 0 0 0
fl=/build/glibc-3Vu5mt/glibc-2.19/stdlib/cxa_atexit.c
fn=__cxa_atexit
35 4 2 2 0 0 0 2 0 0
37 4 0 0 0 0 0 0 0 0
41 6 0 0 2 0 0 0 0 0
43 2 0 0 0 0 0 2 0 0
44 2 0 0 0 0 0 2 1 1
45 2 0 0 0 0 0 2 0 0
47 2 0 0 0 0 0 2 0 0
48 2 0 0 0 0 0 0 0 0
57 12 2 2 0 0 0 6 0 0
59 8 0 0 8 0 0 0 0 0
fn=__new_exitfn
73 8 2 2 0 0 0 4 0 0
74 4 0 0 0 0 0 0 0 0
79 12 2 2 4 3 3 0 0 0
81 12 1 1 3 2 2 0 0 0
83 8 3 3 2 2 2 0 0 0
84 5 0 0 1 0 0 0 0 0
91 1 0 0 0 0 0 1 0 0
94 2 0 0 0 0 0 0 0 0
112 1 1 1 0 0 0 0 0 0
113 2 0 0 0 0 0 1 0 0
119 3 1 1 0 0 0 0 0 0
120 2 0 0 0 0 0 1 0 0
126 2 1 1 0 0 0 2 1 1
127 2 0 0 2 2 2 0 0 0
130 8 0 0 4 0 0 0 0 0
133 10 0 0 6 0 0 0 0 0
fl=/build/glibc-3Vu5mt/glibc-2.19/stdlib/cxa_finalize.c
fn=__cxa_finalize
31 8 1 1 0 0 0 6 0 0
35 7 1 1 2 1 0 0 0 0
39 7 0 0 1 0 0 0 0 0
48 1 0 0 0 0 0 0 0 0
67 6 1 1 2 0 0 0 0 0
71 7 1 1 1 1 1 0 0 0
79 2 0 0 0 0 0 0 0 0
80 2 0 0 0 0 0 0 0 0
82 7 0 0 6 0 0 0 0 0
fl=/build/glibc-3Vu5mt/glibc-2.19/stdlib/cxa_thread_atexit_impl.c
fn=__call_tls_dtors
86 5 1 1 0 0 0 4 0 0
87 5 0 0 1 1 0 1 0 0
109 6 1 1 5 0 0 0 0 0
fl=/build/glibc-3Vu5mt/glibc-2.19/stdlib/exit.c
fn=__run_exit_handlers
35 8 2 2 0 0 0 4 0 0
40 2 0 0 1 1 0 1 0 0
46 11 2 0 3 1 1 0 0 0
50 9 0 0 0 0 0 0 0 0
52 2 0 0 0 0 0 2 0 0
53 2 0 0 0 0 0 0 0 0
54 10 0 0 2 0 0 0 0 0
78 2 2 1 2 0 0 0 0 0
80 4 1 1 2 0 0 0 0 0
82 6 0 0 2 0 0 2 0 0
83 2 2 0 0 0 0 0 0 0
87 2 1 1 1 0 0 1 0 0
88 2 0 0 0 0 0 0 0 0
94 2 0 0 0 0 0 0 0 0
95 8 1 0 1 1 1 1 0 0
97 2 0 0 0 0 0 1 0 0
fn=exit
103 1 0 0 0 0 0 0 0 0
104 3 1 1 0 0 0 1 0 0
fl=/build/glibc-3Vu5mt/glibc-2.19/stdlib/getenv.c
fn=getenv
35 304 26 4 0 0 0 228 0 0
36 76 0 0 0 0 0 38 0 0
40 266 0 0 114 4 4 0 0 0
43 76 0 0 38 0 0 0 0 0
68 38 3 2 38 0 0 0 0 0
73 38 0 0 0 0 0 0 0 0
74 38 0 0 0 0 0 0 0 0
76 4562 3 2 1150 9 9 0 0 0
85 2326 0 0 1124 37 33 13 0 0
86 24 0 0 12 0 0 0 0 0
87 24 12 2 0 0 0 0 0 0
92 342 0 0 266 0 0 0 0 0
fl=/build/glibc-3Vu5mt/glibc-2.19/string/../bits/stdlib-bsearch.h
fn=intel_check_word
27 8 1 1 0 0 0 0 0 0
28 16 0 0 0 0 0 0 0 0
29 110 1 1 0 0 0 0 0 0
31 154 0 0 0 0 0 0 0 0
32 54 1 1 0 0 0 0 0 0
37 8 0 0 0 0 0 0 0 0
fl=/build/glibc-3Vu5mt/glibc-2.19/string/../string/memcmp.c
fn=bcmp
105 10 0 0 10 0 0 0 0 0
106 20 0 0 10 0 0 0 0 0
110 22 0 0 0 0 0 0 0 0
111 6 0 0 0 0 0 0 0 0
129 14 2 2 0 0 0 0 0 0
133 2 2 1 2 1 1 0 0 0
134 2 0 0 2 0 0 0 0 0
135 2 0 0 0 0 0 0 0 0
136 2 0 0 0 0 0 0 0 0
137 2 0 0 0 0 0 0 0 0
183 2 0 0 2 0 0 0 0 0
184 2 2 1 2 0 0 0 0 0
185 14 0 0 0 0 0 4 1 1
221 2 0 0 0 0 0 0 0 0
222 4 0 0 0 0 0 0 0 0
226 4 0 0 0 0 0 0 0 0
228 11 1 1 0 0 0 0 0 0
232 1 1 1 1 0 0 0 0 0
233 1 0 0 1 0 0 0 0 0
234 1 0 0 1 0 0 0 0 0
235 1 0 0 0 0 0 0 0 0
236 1 0 0 0 0 0 0 0 0
237 1 0 0 0 0 0 0 0 0
255 1 0 0 1 0 0 0 0 0
256 1 0 0 1 0 0 0 0 0
257 1 0 0 1 1 1 0 0 0
261 2 1 1 0 0 0 0 0 0
289 1 0 0 1 0 0 0 0 0
290 1 0 0 1 0 0 0 0 0
291 6 0 0 0 0 0 0 0 0
292 2 0 0 0 0 0 0 0 0
299 2 1 1 0 0 0 0 0 0
304 12 1 1 0 0 0 0 0 0
305 4 0 0 0 0 0 0 0 0
315 91 6 4 0 0 0 78 2 2
318 13 0 0 0 0 0 0 0 0
319 13 0 0 0 0 0 0 0 0
322 26 0 0 0 0 0 0 0 0
326 27 0 0 0 0 0 0 0 0
328 5 0 0 5 1 1 0 0 0
329 5 0 0 5 0 0 0 0 0
330 5 0 0 0 0 0 0 0 0
331 5 0 0 0 0 0 0 0 0
333 10 0 0 0 0 0 0 0 0
335 5 1 0 0 0 0 0 0 0
342 12 1 1 0 0 0 0 0 0
343 8 0 0 0 0 0 0 0 0
346 4 0 0 0 0 0 0 0 0
350 6 0 0 0 0 0 0 0 0
351 2 0 0 0 0 0 0 0 0
352 2 0 0 0 0 0 0 0 0
356 170 6 4 0 0 0 0 0 0
358 76 0 0 76 2 2 0 0 0
359 76 0 0 76 7 7 0 0 0
360 76 0 0 0 0 0 0 0 0
363 245 0 0 0 0 0 0 0 0
368 9 0 0 0 0 0 0 0 0
369 104 3 1 91 0 0 0 0 0
fl=/build/glibc-3Vu5mt/glibc-2.19/string/../sysdeps/x86_64/memchr.S
fn=memchr
25 24 12 2 0 0 0 0 0 0
26 24 0 0 0 0 0 0 0 0
28 24 0 0 0 0 0 0 0 0
29 24 0 0 0 0 0 0 0 0
30 24 0 0 0 0 0 0 0 0
31 24 0 0 0 0 0 0 0 0
33 24 0 0 0 0 0 0 0 0
34 24 0 0 0 0 0 0 0 0
36 24 0 0 0 0 0 0 0 0
37 24 0 0 0 0 0 0 0 0
39 24 0 0 24 0 0 0 0 0
40 24 0 0 0 0 0 0 0 0
41 24 0 0 0 0 0 0 0 0
42 24 0 0 0 0 0 0 0 0
44 24 0 0 0 0 0 0 0 0
45 24 0 0 0 0 0 0 0 0
46 24 12 2 0 0 0 0 0 0
305 24 12 2 0 0 0 0 0 0
306 24 0 0 24 0 0 0 0 0
fl=/build/glibc-3Vu5mt/glibc-2.19/string/../sysdeps/x86_64/memcpy.S
fn=mempcpy
61 15 5 2 0 0 0 0 0 0
65 15 0 0 0 0 0 0 0 0
68 14 0 0 0 0 0 0 0 0
69 14 0 0 0 0 0 0 0 0
71 5 0 0 5 2 2 0 0 0
72 5 0 0 0 0 0 5 1 1
74 5 0 0 0 0 0 0 0 0
75 5 0 0 0 0 0 0 0 0
80 14 0 0 0 0 0 0 0 0
81 14 0 0 0 0 0 0 0 0
83 10 0 0 10 0 0 0 0 0
84 10 0 0 0 0 0 10 0 0
86 10 0 0 0 0 0 0 0 0
87 10 0 0 0 0 0 0 0 0
92 14 0 0 0 0 0 0 0 0
93 14 0 0 0 0 0 0 0 0
95 5 0 0 5 0 0 0 0 0
96 5 1 0 0 0 0 5 0 0
98 5 0 0 0 0 0 0 0 0
99 5 0 0 0 0 0 0 0 0
104 14 3 2 0 0 0 0 0 0
105 14 0 0 0 0 0 0 0 0
107 7 0 0 7 0 0 0 0 0
108 7 0 0 0 0 0 7 1 1
110 7 0 0 0 0 0 0 0 0
111 14 0 0 0 0 0 0 0 0
116 14 0 0 0 0 0 0 0 0
117 16 0 0 0 0 0 0 0 0
122 2 0 0 2 1 1 0 0 0
123 2 0 0 2 1 1 0 0 0
124 2 0 0 0 0 0 2 1 1
125 2 0 0 0 0 0 2 0 0
127 2 1 1 0 0 0 0 0 0
129 2 0 0 0 0 0 0 0 0
130 2 0 0 0 0 0 0 0 0
132 2 0 0 0 0 0 0 0 0
138 14 2 1 0 0 0 0 0 0
142 14 0 0 14 0 0 0 0 0
154 2 2 0 0 0 0 0 0 0
156 2 0 0 0 0 0 0 0 0
157 2 0 0 0 0 0 0 0 0
183 2 2 2 0 0 0 0 0 0
184 2 0 0 0 0 0 0 0 0
187 2 0 0 0 0 0 0 0 0
188 2 0 0 0 0 0 0 0 0
189 2 0 0 0 0 0 0 0 0
194 2 0 0 0 0 0 0 0 0
196 2 0 0 2 0 0 0 0 0
197 2 0 0 2 0 0 0 0 0
198 2 0 0 2 0 0 0 0 0
199 2 0 0 2 0 0 0 0 0
201 2 0 0 0 0 0 2 0 0
202 2 0 0 0 0 0 2 1 1
203 2 0 0 0 0 0 2 0 0
204 2 0 0 0 0 0 2 1 1
206 2 0 0 0 0 0 0 0 0
207 2 0 0 0 0 0 0 0 0
209 2 0 0 0 0 0 0 0 0
231 2 2 2 0 0 0 0 0 0
233 2 0 0 0 0 0 0 0 0
235 1 0 0 0 0 0 0 0 0
242 1 0 0 1 0 0 0 0 0
fl=/build/glibc-3Vu5mt/glibc-2.19/string/../sysdeps/x86_64/multiarch/../cacheinfo.c
fn=handle_intel
305 16 0 0 0 0 0 12 0 0
306 4 1 1 0 0 0 0 0 0
317 6 0 0 0 0 0 2 0 0
319 2 0 0 0 0 0 2 0 0
320 4 0 0 0 0 0 2 0 0
322 2 0 0 0 0 0 0 0 0
328 8 1 1 0 0 0 2 0 0
333 4 0 0 0 0 0 0 0 0
335 6 1 1 0 0 0 2 0 0
336 2 0 0 0 0 0 0 0 0
340 10 1 1 0 0 0 2 0 0
341 4 0 0 0 0 0 0 0 0
344 10 0 0 0 0 0 2 0 0
345 4 0 0 0 0 0 0 0 0
362 16 0 0 14 0 0 0 0 0
fn=init_cacheinfo
550 3 1 1 0 0 0 3 0 0
563 3 0 0 1 1 1 0 0 0
570 2 0 0 0 0 0 0 0 0
572 4 0 0 1 0 0 1 0 0
575 1 0 0 0 0 0 0 0 0
576 4 1 1 1 0 0 1 0 0
578 2 0 0 0 0 0 0 0 0
589 1 0 0 1 0 0 0 0 0
607 4 0 0 1 0 0 0 0 0
614 17 1 1 0 0 0 0 0 0
620 8 0 0 0 0 0 0 0 0
623 20 0 0 0 0 0 0 0 0
625 2 1 1 0 0 0 0 0 0
631 5 0 0 0 0 0 0 0 0
638 9 1 1 0 0 0 0 0 0
640 2 0 0 0 0 0 0 0 0
642 8 0 0 0 0 0 0 0 0
644 4 0 0 0 0 0 0 0 0
649 1 1 1 0 0 0 0 0 0
651 4 0 0 0 0 0 0 0 0
652 2 0 0 0 0 0 0 0 0
653 1 0 0 0 0 0 0 0 0
657 2 0 0 0 0 0 0 0 0
669 4 0 0 0 0 0 0 0 0
670 5 1 1 0 0 0 0 0 0
744 2 0 0 0 0 0 0 0 0
746 3 1 1 0 0 0 1 0 0
747 1 0 0 0 0 0 1 1 1
749 1 0 0 0 0 0 0 0 0
750 3 0 0 0 0 0 1 0 0
751 1 0 0 0 0 0 1 0 0
754 2 0 0 0 0 0 0 0 0
756 3 0 0 0 0 0 1 0 0
757 1 0 0 0 0 0 1 0 0
759 1 0 0 0 0 0 0 0 0
760 3 0 0 0 0 0 1 0 0
761 1 0 0 0 0 0 1 0 0
763 4 0 0 4 0 0 0 0 0
fn=intel_check_word
150 108 0 0 54 6 6 0 0 0
153 54 0 0 0 0 0 0 0 0
161 16 0 0 0 0 0 12 0 0
162 8 1 1 0 0 0 0 0 0
164 2 0 0 0 0 0 0 0 0
168 28 0 0 0 0 0 0 0 0
170 32 0 0 0 0 0 0 0 0
172 10 1 1 0 0 0 0 0 0
174 20 0 0 0 0 0 0 0 0
182 20 0 0 0 0 0 0 0 0
194 29 0 0 0 0 0 0 0 0
199 17 1 1 0 0 0 0 0 0
203 10 1 1 0 0 0 0 0 0
205 21 0 0 0 0 0 0 0 0
206 4 0 0 0 0 0 0 0 0
207 10 0 0 0 0 0 0 0 0
208 2 0 0 0 0 0 0 0 0
209 8 0 0 0 0 0 0 0 0
210 18 0 0 0 0 0 0 0 0
211 6 0 0 0 0 0 0 0 0
213 2 0 0 0 0 0 0 0 0
215 4 0 0 0 0 0 0 0 0
217 10 2 2 0 0 0 0 0 0
218 8 0 0 0 0 0 0 0 0
219 8 0 0 0 0 0 0 0 0
220 2 0 0 0 0 0 0 0 0
228 3 0 0 0 0 0 0 0 0
235 16 0 0 0 0 0 0 0 0
295 8 0 0 0 0 0 0 0 0
300 16 0 0 16 0 0 0 0 0
fl=/build/glibc-3Vu5mt/glibc-2.19/string/../sysdeps/x86_64/multiarch/../memcpy.S
fn=__GI_memcpy
61 16 14 1 0 0 0 0 0 0
63 16 0 0 0 0 0 0 0 0
65 16 0 0 0 0 0 0 0 0
68 16 0 0 0 0 0 0 0 0
69 16 0 0 0 0 0 0 0 0
71 14 0 0 14 0 0 0 0 0
72 14 0 0 0 0 0 14 0 0
74 14 0 0 0 0 0 0 0 0
75 14 0 0 0 0 0 0 0 0
80 16 0 0 0 0 0 0 0 0
81 16 0 0 0 0 0 0 0 0
83 16 0 0 16 0 0 0 0 0
84 16 0 0 0 0 0 16 0 0
86 16 0 0 0 0 0 0 0 0
87 32 0 0 0 0 0 0 0 0
92 16 0 0 0 0 0 0 0 0
93 16 0 0 0 0 0 0 0 0
104 16 14 2 0 0 0 0 0 0
105 16 0 0 0 0 0 0 0 0
107 16 0 0 16 0 0 0 0 0
108 16 0 0 0 0 0 16 0 0
110 16 0 0 0 0 0 0 0 0
111 16 0 0 0 0 0 0 0 0
116 16 0 0 0 0 0 0 0 0
117 16 0 0 0 0 0 0 0 0
140 16 0 0 16 0 0 0 0 0
fn=memcpy
61 17 5 3 0 0 0 0 0 0
63 17 0 0 0 0 0 0 0 0
65 17 0 0 0 0 0 0 0 0
68 16 0 0 0 0 0 0 0 0
69 16 0 0 0 0 0 0 0 0
71 3 0 0 3 0 0 0 0 0
72 3 0 0 0 0 0 3 2 2
74 3 0 0 0 0 0 0 0 0
75 3 0 0 0 0 0 0 0 0
80 16 0 0 0 0 0 0 0 0
81 16 0 0 0 0 0 0 0 0
83 3 0 0 3 0 0 0 0 0
84 3 0 0 0 0 0 3 1 1
86 3 0 0 0 0 0 0 0 0
87 6 0 0 0 0 0 0 0 0
92 16 0 0 0 0 0 0 0 0
93 16 0 0 0 0 0 0 0 0
95 3 0 0 3 0 0 0 0 0
96 3 0 0 0 0 0 3 0 0
98 3 0 0 0 0 0 0 0 0
99 3 2 1 0 0 0 0 0 0
104 16 3 2 0 0 0 0 0 0
105 16 0 0 0 0 0 0 0 0
107 10 0 0 10 1 1 0 0 0
108 10 0 0 0 0 0 10 1 1
110 10 0 0 0 0 0 0 0 0
111 10 0 0 0 0 0 0 0 0
116 16 0 0 0 0 0 0 0 0
117 22 0 0 0 0 0 0 0 0
122 6 0 0 6 0 0 0 0 0
123 6 0 0 6 0 0 0 0 0
124 6 0 0 0 0 0 6 0 0
125 6 0 0 0 0 0 6 2 2
127 6 0 0 0 0 0 0 0 0
129 6 0 0 0 0 0 0 0 0
130 6 0 0 0 0 0 0 0 0
132 6 0 0 0 0 0 0 0 0
140 16 0 0 16 0 0 0 0 0
148 5 3 2 0 0 0 5 0 0
154 5 0 0 0 0 0 0 0 0
156 5 0 0 0 0 0 0 0 0
157 5 0 0 0 0 0 0 0 0
160 1 0 0 0 0 0 0 0 0
161 2 0 0 0 0 0 0 0 0
166 4 0 0 4 0 0 0 0 0
167 4 0 0 0 0 0 4 1 1
169 4 0 0 0 0 0 0 0 0
171 4 0 0 0 0 0 0 0 0
172 4 0 0 0 0 0 0 0 0
174 5 0 0 0 0 0 0 0 0
183 5 3 3 0 0 0 0 0 0
184 5 0 0 0 0 0 0 0 0
187 5 0 0 0 0 0 0 0 0
188 5 0 0 0 0 0 0 0 0
189 5 0 0 0 0 0 0 0 0
194 4 0 0 0 0 0 0 0 0
196 4 0 0 4 0 0 0 0 0
197 4 0 0 4 0 0 0 0 0
198 4 0 0 4 0 0 0 0 0
199 4 0 0 4 0 0 0 0 0
201 4 0 0 0 0 0 4 1 1
202 4 0 0 0 0 0 4 0 0
203 4 0 0 0 0 0 4 0 0
204 4 0 0 0 0 0 4 0 0
206 4 0 0 0 0 0 0 0 0
207 4 0 0 0 0 0 0 0 0
209 4 0 0 0 0 0 0 0 0
231 5 3 2 0 0 0 0 0 0
237 5 0 0 5 0 0 0 0 0
238 5 0 0 0 0 0 0 0 0
240 1 0 0 1 0 0 0 0 0
fl=/build/glibc-3Vu5mt/glibc-2.19/string/../sysdeps/x86_64/multiarch/../rtld-strlen.S
fn=strlen
26 13 3 1 0 0 0 0 0 0
27 13 0 0 0 0 0 0 0 0
28 13 0 0 0 0 0 0 0 0
29 13 0 0 0 0 0 0 0 0
31 6 0 0 0 0 0 0 0 0
32 6 0 0 0 0 0 0 0 0
34 23 0 0 23 0 0 0 0 0
35 23 0 0 0 0 0 0 0 0
36 22 0 0 0 0 0 0 0 0
37 22 0 0 0 0 0 0 0 0
38 22 0 0 0 0 0 0 0 0
40 24 0 0 0 0 0 0 0 0
45 16 4 1 16 0 0 0 0 0
46 16 0 0 0 0 0 0 0 0
47 16 0 0 0 0 0 0 0 0
48 16 0 0 0 0 0 0 0 0
51 16 0 0 0 0 0 0 0 0
52 15 0 0 0 0 0 0 0 0
53 15 0 0 0 0 0 0 0 0
54 15 0 0 0 0 0 0 0 0
56 15 0 0 0 0 0 0 0 0
59 13 0 0 13 0 0 0 0 0
60 13 0 0 0 0 0 0 0 0
61 13 0 0 0 0 0 0 0 0
62 13 0 0 0 0 0 0 0 0
65 13 0 0 0 0 0 0 0 0
66 7 0 0 0 0 0 0 0 0
67 7 0 0 0 0 0 0 0 0
68 7 0 0 0 0 0 0 0 0
70 7 0 0 0 0 0 0 0 0
73 6 0 0 6 0 0 0 0 0
74 6 0 0 0 0 0 0 0 0
75 6 0 0 0 0 0 0 0 0
76 6 1 0 0 0 0 0 0 0
79 6 0 0 0 0 0 0 0 0
80 6 0 0 0 0 0 0 0 0
81 6 0 0 0 0 0 0 0 0
82 6 0 0 0 0 0 0 0 0
84 6 0 0 0 0 0 0 0 0
87 6 0 0 6 0 0 0 0 0
88 6 0 0 0 0 0 0 0 0
89 6 0 0 0 0 0 0 0 0
90 6 0 0 0 0 0 0 0 0
93 6 0 0 0 0 0 0 0 0
94 5 0 0 0 0 0 0 0 0
95 5 0 0 0 0 0 0 0 0
96 5 0 0 0 0 0 0 0 0
98 6 0 0 0 0 0 0 0 0
101 12 3 1 0 0 0 0 0 0
103 12 0 0 0 0 0 0 0 0
104 12 0 0 0 0 0 0 0 0
105 12 0 0 0 0 0 0 0 0
107 12 0 0 0 0 0 0 0 0
108 12 0 0 0 0 0 0 0 0
109 12 4 1 0 0 0 0 0 0
111 12 0 0 0 0 0 0 0 0
112 12 0 0 0 0 0 0 0 0
113 10 0 0 0 0 0 0 0 0
115 10 0 0 0 0 0 0 0 0
116 10 0 0 0 0 0 0 0 0
117 8 0 0 0 0 0 0 0 0
119 8 0 0 0 0 0 0 0 0
121 8 0 0 0 0 0 0 0 0
122 8 0 0 0 0 0 0 0 0
123 8 0 0 0 0 0 0 0 0
125 8 0 0 0 0 0 0 0 0
126 8 0 0 0 0 0 0 0 0
127 7 0 0 0 0 0 0 0 0
129 7 0 0 0 0 0 0 0 0
130 7 0 0 0 0 0 0 0 0
131 5 0 0 0 0 0 0 0 0
133 13 0 0 0 0 0 0 0 0
134 13 0 0 13 0 0 0 0 0
fl=/build/glibc-3Vu5mt/glibc-2.19/string/../sysdeps/x86_64/multiarch/../strchr.S
fn=__GI_strchr
24 2 1 1 0 0 0 0 0 0
25 2 0 0 0 0 0 0 0 0
26 2 0 0 0 0 0 0 0 0
27 2 0 0 0 0 0 0 0 0
28 2 0 0 0 0 0 0 0 0
29 2 0 0 0 0 0 0 0 0
30 2 0 0 0 0 0 0 0 0
31 2 0 0 0 0 0 0 0 0
32 2 0 0 2 0 0 0 0 0
33 2 0 0 0 0 0 0 0 0
34 2 0 0 0 0 0 0 0 0
35 2 0 0 0 0 0 0 0 0
36 2 0 0 0 0 0 0 0 0
37 2 0 0 0 0 0 0 0 0
38 2 0 0 0 0 0 0 0 0
39 2 1 1 0 0 0 0 0 0
40 2 0 0 0 0 0 0 0 0
41 2 0 0 0 0 0 0 0 0
45 2 0 0 0 0 0 0 0 0
46 2 0 0 0 0 0 0 0 0
47 2 0 0 2 0 0 0 0 0
48 2 0 0 0 0 0 0 0 0
50 2 0 0 2 0 0 0 0 0
fn=index
24 7 4 2 0 0 0 0 0 0
25 7 0 0 0 0 0 0 0 0
26 7 0 0 0 0 0 0 0 0
27 7 0 0 0 0 0 0 0 0
28 7 0 0 0 0 0 0 0 0
29 7 0 0 0 0 0 0 0 0
30 7 0 0 0 0 0 0 0 0
31 7 0 0 0 0 0 0 0 0
32 7 0 0 7 2 2 0 0 0
33 7 0 0 0 0 0 0 0 0
34 7 0 0 0 0 0 0 0 0
35 7 0 0 0 0 0 0 0 0
36 7 0 0 0 0 0 0 0 0
37 7 0 0 0 0 0 0 0 0
38 7 0 0 0 0 0 0 0 0
39 7 4 2 0 0 0 0 0 0
40 7 0 0 0 0 0 0 0 0
41 5 0 0 0 0 0 0 0 0
45 5 0 0 0 0 0 0 0 0
46 5 0 0 0 0 0 0 0 0
47 5 0 0 5 0 0 0 0 0
48 5 0 0 0 0 0 0 0 0
50 5 0 0 5 0 0 0 0 0
54 2 0 0 2 0 0 0 0 0
55 2 0 0 0 0 0 0 0 0
56 2 0 0 0 0 0 0 0 0
57 2 0 0 0 0 0 0 0 0
58 2 0 0 0 0 0 0 0 0
59 2 0 0 0 0 0 0 0 0
60 2 0 0 2 0 0 0 0 0
61 2 0 0 0 0 0 0 0 0
62 2 0 0 0 0 0 0 0 0
63 2 2 2 0 0 0 0 0 0
64 2 0 0 0 0 0 0 0 0
65 2 0 0 0 0 0 0 0 0
66 2 0 0 0 0 0 0 0 0
67 2 0 0 2 0 0 0 0 0
68 2 0 0 0 0 0 0 0 0
69 2 0 0 0 0 0 0 0 0
70 2 0 0 0 0 0 0 0 0
71 2 0 0 0 0 0 0 0 0
72 2 0 0 0 0 0 0 0 0
73 2 0 0 0 0 0 0 0 0
74 2 0 0 0 0 0 0 0 0
75 2 0 0 0 0 0 0 0 0
76 2 0 0 0 0 0 0 0 0
77 2 0 0 0 0 0 0 0 0
129 2 2 2 0 0 0 0 0 0
133 2 0 0 0 0 0 0 0 0
134 2 0 0 0 0 0 0 0 0
135 2 0 0 2 0 0 0 0 0
136 2 0 0 0 0 0 0 0 0
138 2 0 0 2 0 0 0 0 0
fl=/build/glibc-3Vu5mt/glibc-2.19/string/../sysdeps/x86_64/multiarch/../strcmp.S
fn=__GI_strcmp
180 65 3 3 0 0 0 0 0 0
181 65 0 0 0 0 0 0 0 0
183 65 0 0 0 0 0 0 0 0
184 65 0 0 0 0 0 0 0 0
205 65 0 0 0 0 0 0 0 0
206 65 0 0 0 0 0 0 0 0
207 25 0 0 0 0 0 0 0 0
208 25 0 0 0 0 0 0 0 0
209 23 0 0 23 0 0 0 0 0
210 23 0 0 23 1 1 0 0 0
211 23 1 1 23 0 0 0 0 0
212 23 0 0 23 0 0 0 0 0
233 23 0 0 0 0 0 0 0 0
234 23 0 0 0 0 0 0 0 0
235 23 0 0 0 0 0 0 0 0
236 23 0 0 0 0 0 0 0 0
237 23 0 0 0 0 0 0 0 0
238 23 0 0 0 0 0 0 0 0
239 23 0 0 0 0 0 0 0 0
244 1 0 0 0 0 0 0 0 0
245 1 0 0 0 0 0 0 0 0
254 43 2 2 0 0 0 0 0 0
255 43 0 0 0 0 0 0 0 0
256 43 0 0 0 0 0 0 0 0
257 43 0 0 0 0 0 0 0 0
258 43 3 3 0 0 0 0 0 0
259 43 0 0 0 0 0 0 0 0
260 43 0 0 0 0 0 0 0 0
261 43 0 0 0 0 0 0 0 0
262 43 0 0 0 0 0 0 0 0
263 15 0 0 0 0 0 0 0 0
264 15 0 0 0 0 0 0 0 0
265 15 0 0 0 0 0 0 0 0
267 43 0 0 0 0 0 0 0 0
268 43 0 0 0 0 0 0 0 0
269 43 0 0 0 0 0 0 0 0
270 43 0 0 43 5 5 0 0 0
271 43 0 0 0 0 0 0 0 0
272 43 0 0 0 0 0 0 0 0
607 3 1 1 0 0 0 0 0 0
608 3 0 0 3 1 1 0 0 0
609 3 0 0 3 0 0 0 0 0
610 3 0 0 0 0 0 0 0 0
611 3 0 0 0 0 0 0 0 0
613 3 0 0 0 0 0 0 0 0
614 3 0 0 0 0 0 0 0 0
615 3 0 0 0 0 0 0 0 0
616 3 0 0 0 0 0 0 0 0
617 3 0 0 0 0 0 0 0 0
618 3 0 0 0 0 0 0 0 0
619 3 0 0 0 0 0 0 0 0
857 1 1 1 0 0 0 0 0 0
858 1 0 0 1 0 0 0 0 0
859 1 0 0 1 0 0 0 0 0
860 1 0 0 0 0 0 0 0 0
861 1 0 0 0 0 0 0 0 0
863 1 0 0 0 0 0 0 0 0
864 1 0 0 0 0 0 0 0 0
865 1 0 0 0 0 0 0 0 0
866 1 0 0 0 0 0 0 0 0
867 1 0 0 0 0 0 0 0 0
868 1 0 0 0 0 0 0 0 0
869 1 0 0 0 0 0 0 0 0
1607 12 12 2 0 0 0 0 0 0
1608 12 0 0 12 0 0 0 0 0
1609 12 0 0 12 0 0 0 0 0
1610 12 0 0 0 0 0 0 0 0
1611 12 0 0 0 0 0 0 0 0
1613 12 0 0 0 0 0 0 0 0
1614 12 0 0 0 0 0 0 0 0
1615 12 0 0 0 0 0 0 0 0
1616 12 0 0 0 0 0 0 0 0
1617 12 0 0 0 0 0 0 0 0
1618 12 0 0 0 0 0 0 0 0
1619 12 0 0 0 0 0 0 0 0
1732 1 1 1 0 0 0 0 0 0
1733 1 0 0 1 0 0 0 0 0
1734 1 0 0 1 1 1 0 0 0
1735 1 0 0 0 0 0 0 0 0
1736 1 0 0 0 0 0 0 0 0
1738 1 0 0 0 0 0 0 0 0
1739 1 0 0 0 0 0 0 0 0
1740 1 0 0 0 0 0 0 0 0
1741 1 0 0 0 0 0 0 0 0
1742 1 0 0 0 0 0 0 0 0
1743 1 0 0 0 0 0 0 0 0
1744 1 0 0 0 0 0 0 0 0
1745 1 1 1 1 0 0 0 0 0
1749 1 0 0 0 0 0 0 0 0
1750 1 0 0 0 0 0 0 0 0
1751 1 0 0 0 0 0 0 0 0
1757 1 0 0 0 0 0 0 0 0
1758 1 0 0 0 0 0 0 0 0
1759 2 0 0 0 0 0 0 0 0
1763 1 0 0 0 0 0 0 0 0
1764 1 0 0 0 0 0 0 0 0
1767 1 0 0 1 1 1 0 0 0
1768 1 1 1 1 0 0 0 0 0
1769 1 0 0 0 0 0 0 0 0
1772 1 0 0 0 0 0 0 0 0
1773 1 0 0 0 0 0 0 0 0
1774 1 0 0 0 0 0 0 0 0
1780 1 0 0 0 0 0 0 0 0
1781 1 0 0 0 0 0 0 0 0
1782 1 0 0 0 0 0 0 0 0
1783 1 0 0 0 0 0 0 0 0
1784 1 0 0 0 0 0 0 0 0
1785 1 0 0 0 0 0 0 0 0
1857 25 2 2 0 0 0 0 0 0
1858 25 0 0 25 0 0 0 0 0
1859 25 0 0 25 3 3 0 0 0
1860 25 0 0 0 0 0 0 0 0
1861 25 0 0 0 0 0 0 0 0
1863 25 0 0 0 0 0 0 0 0
1864 25 0 0 0 0 0 0 0 0
1865 25 0 0 0 0 0 0 0 0
1866 25 0 0 0 0 0 0 0 0
1867 25 0 0 0 0 0 0 0 0
1868 25 0 0 0 0 0 0 0 0
1869 25 0 0 0 0 0 0 0 0
1982 1 1 1 0 0 0 0 0 0
1983 1 0 0 1 1 1 0 0 0
1984 1 0 0 1 1 1 0 0 0
1985 1 0 0 0 0 0 0 0 0
1986 1 0 0 0 0 0 0 0 0
1988 1 0 0 0 0 0 0 0 0
1989 1 0 0 0 0 0 0 0 0
1990 1 0 0 0 0 0 0 0 0
1991 1 0 0 0 0 0 0 0 0
1992 1 0 0 0 0 0 0 0 0
1993 1 0 0 0 0 0 0 0 0
1994 1 0 0 0 0 0 0 0 0
2236 1 1 1 0 0 0 0 0 0
2238 43 2 2 0 0 0 0 0 0
2239 43 0 0 0 0 0 0 0 0
2240 43 0 0 0 0 0 0 0 0
2241 43 0 0 0 0 0 0 0 0
2242 30 0 0 0 0 0 0 0 0
2247 65 0 0 0 0 0 0 0 0
2253 65 0 0 65 0 0 0 0 0
2254 65 0 0 65 0 0 0 0 0
2262 65 0 0 0 0 0 0 0 0
2263 65 0 0 65 0 0 0 0 0
fn=__GI_strncmp
174 14 13 3 0 0 0 0 0 0
175 14 0 0 0 0 0 0 0 0
176 14 0 0 0 0 0 0 0 0
177 14 0 0 0 0 0 0 0 0
178 14 0 0 0 0 0 0 0 0
180 14 0 0 0 0 0 0 0 0
181 14 0 0 0 0 0 0 0 0
183 14 0 0 0 0 0 0 0 0
184 14 13 3 0 0 0 0 0 0
205 14 0 0 0 0 0 0 0 0
206 14 0 0 0 0 0 0 0 0
207 2 0 0 0 0 0 0 0 0
208 2 0 0 0 0 0 0 0 0
209 1 0 0 1 0 0 0 0 0
210 1 0 0 1 0 0 0 0 0
211 1 0 0 1 0 0 0 0 0
212 1 0 0 1 0 0 0 0 0
233 1 0 0 0 0 0 0 0 0
234 1 0 0 0 0 0 0 0 0
235 1 0 0 0 0 0 0 0 0
236 1 0 0 0 0 0 0 0 0
237 1 0 0 0 0 0 0 0 0
238 1 0 0 0 0 0 0 0 0
239 1 0 0 0 0 0 0 0 0
254 13 12 2 0 0 0 0 0 0
255 13 0 0 0 0 0 0 0 0
256 13 0 0 0 0 0 0 0 0
257 13 0 0 0 0 0 0 0 0
258 13 0 0 0 0 0 0 0 0
259 13 0 0 0 0 0 0 0 0
260 13 0 0 0 0 0 0 0 0
261 13 0 0 0 0 0 0 0 0
262 13 0 0 0 0 0 0 0 0
267 13 0 0 0 0 0 0 0 0
268 13 0 0 0 0 0 0 0 0
269 13 12 2 0 0 0 0 0 0
270 13 0 0 13 2 2 0 0 0
271 13 0 0 0 0 0 0 0 0
272 13 0 0 0 0 0 0 0 0
1982 12 12 2 0 0 0 0 0 0
1983 12 0 0 12 0 0 0 0 0
1984 12 0 0 12 0 0 0 0 0
1985 12 0 0 0 0 0 0 0 0
1986 12 0 0 0 0 0 0 0 0
1988 12 0 0 0 0 0 0 0 0
1989 12 0 0 0 0 0 0 0 0
1990 12 12 2 0 0 0 0 0 0
1991 12 0 0 0 0 0 0 0 0
1992 12 0 0 0 0 0 0 0 0
1993 12 0 0 0 0 0 0 0 0
1994 12 0 0 0 0 0 0 0 0
2107 1 1 1 0 0 0 0 0 0
2108 1 0 0 1 0 0 0 0 0
2109 1 0 0 1 0 0 0 0 0
2110 1 0 0 0 0 0 0 0 0
2111 1 0 0 0 0 0 0 0 0
2113 1 0 0 0 0 0 0 0 0
2114 1 0 0 0 0 0 0 0 0
2115 1 1 1 0 0 0 0 0 0
2116 1 0 0 0 0 0 0 0 0
2117 1 0 0 0 0 0 0 0 0
2118 1 0 0 0 0 0 0 0 0
2119 1 0 0 0 0 0 0 0 0
2238 13 12 2 0 0 0 0 0 0
2239 13 0 0 0 0 0 0 0 0
2240 13 0 0 0 0 0 0 0 0
2241 13 0 0 0 0 0 0 0 0
2247 14 13 3 0 0 0 0 0 0
2250 14 0 0 0 0 0 0 0 0
2251 14 0 0 0 0 0 0 0 0
2253 1 0 0 1 0 0 0 0 0
2254 1 0 0 1 0 0 0 0 0
2262 1 0 0 0 0 0 0 0 0
2263 1 0 0 1 0 0 0 0 0
2266 13 0 0 0 0 0 0 0 0
2267 13 0 0 13 0 0 0 0 0
fn=strcmp
131 1976 16 8 1976 67 63 0 0 0
132 1976 0 0 1976 36 29 0 0 0
133 1976 0 0 0 0 0 0 0 0
134 1840 0 0 0 0 0 0 0 0
135 1840 0 0 0 0 0 0 0 0
136 1840 0 0 0 0 0 0 0 0
137 1840 0 0 0 0 0 0 0 0
139 151 0 0 0 0 0 0 0 0
140 151 0 0 151 0 0 0 0 0
142 136 0 0 0 0 0 0 0 0
143 136 0 0 0 0 0 0 0 0
144 136 0 0 0 0 0 0 0 0
145 136 10 7 136 0 0 0 0 0
fl=/build/glibc-3Vu5mt/glibc-2.19/string/../sysdeps/x86_64/multiarch/memmove.c
fn=memcpy@GLIBC_2.2.5
49 1 1 1 0 0 0 0 0 0
fl=/build/glibc-3Vu5mt/glibc-2.19/string/../sysdeps/x86_64/multiarch/strcmp-sse2-unaligned.S
fn=__strcmp_sse2_unaligned
22 2 1 1 0 0 0 0 0 0
23 2 0 0 0 0 0 0 0 0
24 2 0 0 0 0 0 0 0 0
25 2 0 0 0 0 0 0 0 0
26 2 0 0 0 0 0 0 0 0
27 2 0 0 0 0 0 0 0 0
28 2 0 0 0 0 0 0 0 0
29 2 0 0 2 0 0 0 0 0
30 2 0 0 2 1 1 0 0 0
31 2 0 0 0 0 0 0 0 0
32 2 0 0 0 0 0 0 0 0
33 2 0 0 0 0 0 0 0 0
34 2 1 1 0 0 0 0 0 0
35 2 0 0 0 0 0 0 0 0
36 2 0 0 0 0 0 0 0 0
37 2 0 0 0 0 0 0 0 0
39 2 0 0 0 0 0 0 0 0
40 2 0 0 2 0 0 0 0 0
41 2 0 0 2 0 0 0 0 0
42 2 0 0 0 0 0 0 0 0
43 2 0 0 2 0 0 0 0 0
fl=/build/glibc-3Vu5mt/glibc-2.19/string/../sysdeps/x86_64/multiarch/strcmp.S
fn=strcasecmp
114 1 1 1 1 1 1 0 0 0
115 1 0 0 0 0 0 0 0 0
116 1 0 0 0 0 0 1 0 0
119 1 0 0 0 0 0 0 0 0
120 1 0 0 1 0 0 0 0 0
121 1 1 1 0 0 0 0 0 0
132 1 0 0 1 0 0 0 0 0
fn=strcmp
88 1 1 1 1 1 1 0 0 0
89 1 0 0 0 0 0 0 0 0
93 1 0 0 0 0 0 0 0 0
94 1 0 0 1 1 1 0 0 0
95 1 1 0 0 0 0 0 0 0
107 1 0 0 1 0 0 0 0 0
fn=strncasecmp
140 1 1 1 1 0 0 0 0 0
141 1 0 0 0 0 0 0 0 0
145 1 0 0 0 0 0 0 0 0
146 1 0 0 1 0 0 0 0 0
147 1 0 0 0 0 0 0 0 0
158 1 1 1 1 0 0 0 0 0
fl=/build/glibc-3Vu5mt/glibc-2.19/string/../sysdeps/x86_64/rtld-memset.S
fn=memset
30 9 2 1 0 0 0 0 0 0
31 9 0 0 0 0 0 0 0 0
32 9 0 0 0 0 0 0 0 0
33 2405 0 0 0 0 0 2396 38 38
34 9 0 0 0 0 0 0 0 0
35 9 0 0 9 0 0 0 0 0
fl=/build/glibc-3Vu5mt/glibc-2.19/string/../sysdeps/x86_64/strchr.S
fn=strchrnul
24 1 1 1 0 0 0 0 0 0
25 1 0 0 0 0 0 0 0 0
26 1 0 0 0 0 0 0 0 0
27 1 0 0 0 0 0 0 0 0
28 1 1 1 0 0 0 0 0 0
29 1 0 0 0 0 0 0 0 0
30 1 0 0 0 0 0 0 0 0
31 1 0 0 0 0 0 0 0 0
32 1 0 0 1 0 0 0 0 0
33 1 0 0 0 0 0 0 0 0
34 1 0 0 0 0 0 0 0 0
35 1 0 0 0 0 0 0 0 0
36 1 0 0 0 0 0 0 0 0
37 1 0 0 0 0 0 0 0 0
38 1 0 0 0 0 0 0 0 0
39 1 0 0 0 0 0 0 0 0
40 1 0 0 0 0 0 0 0 0
41 1 0 0 0 0 0 0 0 0
43 1 0 0 0 0 0 0 0 0
50 1 0 0 1 0 0 0 0 0
fl=/build/glibc-3Vu5mt/glibc-2.19/string/../sysdeps/x86_64/strlen.S
fn=strlen
66 79 6 3 0 0 0 0 0 0
67 79 0 0 0 0 0 0 0 0
68 79 0 0 0 0 0 0 0 0
69 79 6 3 0 0 0 0 0 0
70 79 0 0 0 0 0 0 0 0
71 79 0 0 0 0 0 0 0 0
72 79 0 0 0 0 0 0 0 0
74 79 0 0 0 0 0 0 0 0
76 79 0 0 0 0 0 0 0 0
106 79 0 0 79 9 9 0 0 0
107 79 0 0 0 0 0 0 0 0
108 79 0 0 0 0 0 0 0 0
109 79 0 0 0 0 0 0 0 0
110 79 0 0 0 0 0 0 0 0
111 78 0 0 0 0 0 0 0 0
112 78 0 0 78 0 0 0 0 0
116 1 0 0 0 0 0 0 0 0
117 1 0 0 1 0 0 0 0 0
118 1 1 1 1 0 0 0 0 0
119 1 0 0 1 1 1 0 0 0
120 1 0 0 0 0 0 0 0 0
121 1 0 0 0 0 0 0 0 0
122 1 0 0 0 0 0 0 0 0
123 1 0 0 0 0 0 0 0 0
124 1 0 0 0 0 0 0 0 0
125 1 0 0 0 0 0 0 0 0
126 1 0 0 0 0 0 0 0 0
127 1 0 0 0 0 0 0 0 0
132 8 0 0 1 0 0 0 0 0
fl=/build/glibc-3Vu5mt/glibc-2.19/string/../sysdeps/x86_64/strrchr.S
fn=rindex
24 2 2 1 0 0 0 0 0 0
25 2 0 0 0 0 0 0 0 0
26 2 0 0 0 0 0 0 0 0
27 2 0 0 0 0 0 0 0 0
28 2 2 1 0 0 0 0 0 0
29 2 0 0 0 0 0 0 0 0
30 2 0 0 0 0 0 0 0 0
31 2 0 0 0 0 0 0 0 0
32 2 0 0 2 2 1 0 0 0
33 2 0 0 0 0 0 0 0 0
34 2 0 0 0 0 0 0 0 0
35 2 0 0 0 0 0 0 0 0
36 2 0 0 0 0 0 0 0 0
37 2 0 0 0 0 0 0 0 0
38 2 0 0 0 0 0 0 0 0
39 2 0 0 0 0 0 0 0 0
40 2 0 0 0 0 0 0 0 0
41 2 0 0 0 0 0 0 0 0
42 2 0 0 0 0 0 0 0 0
43 2 0 0 0 0 0 0 0 0
44 2 2 1 0 0 0 0 0 0
169 2 2 1 0 0 0 0 0 0
170 2 0 0 2 0 0 0 0 0
fl=/build/glibc-3Vu5mt/glibc-2.19/string/memmem.c
fn=memmem
43 108 24 4 0 0 0 72 0 0
49 24 0 0 0 0 0 0 0 0
52 12 0 0 0 0 0 0 0 0
56 36 0 0 0 0 0 0 0 0
57 12 12 2 0 0 0 0 0 0
63 36 0 0 0 0 0 0 0 0
65 48 0 0 12 1 1 12 0 0
66 24 0 0 0 0 0 0 0 0
75 96 0 0 84 0 0 0 0 0
fl=/build/glibc-3Vu5mt/glibc-2.19/string/strdup.c
fn=strdup
40 56 2 1 0 0 0 28 0 0
41 28 0 0 0 0 0 14 0 0
42 28 0 0 0 0 0 14 0 0
44 28 0 0 0 0 0 0 0 0
47 56 13 2 0 0 0 0 0 0
48 42 0 0 28 0 0 0 0 0
fl=/build/glibc-3Vu5mt/glibc-2.19/time/../sysdeps/generic/dl-hash.h
fn=gettimeofday
43 1 0 0 0 0 0 0 0 0
44 1 1 1 0 0 0 0 0 0
45 13 1 1 4 0 0 0 0 0
48 12 0 0 0 0 0 0 0 0
49 8 0 0 0 0 0 0 0 0
62 8 0 0 0 0 0 0 0 0
67 1 0 0 0 0 0 0 0 0
fn=time
43 1 0 0 0 0 0 0 0 0
44 1 0 0 0 0 0 0 0 0
45 13 0 0 4 1 1 0 0 0
48 12 0 0 0 0 0 0 0 0
49 8 1 1 0 0 0 0 0 0
62 8 0 0 0 0 0 0 0 0
67 1 0 0 0 0 0 0 0 0
fl=/build/glibc-3Vu5mt/glibc-2.19/time/../sysdeps/unix/sysv/linux/x86_64/gettimeofday.c
fn=gettimeofday
30 1 0 0 0 0 0 0 0 0
31 7 0 0 0 0 0 4 0 0
34 3 0 0 0 0 0 1 0 0
35 3 0 0 0 0 0 0 0 0
36 3 0 0 1 0 0 0 0 0
fl=/build/glibc-3Vu5mt/glibc-2.19/time/../sysdeps/unix/sysv/linux/x86_64/time.c
fn=time
36 1 0 0 0 0 0 0 0 0
37 7 1 1 0 0 0 4 0 0
40 6 1 1 0 0 0 1 0 0
41 3 0 0 1 0 0 0 0 0
fl=???
fn=???
0 547 102 69 222 34 28 117 2 2
fn=_dl_debug_initialize
0 4 4 3 3 0 0 0 0 0
fn=memcpy@GLIBC_2.2.5
0 12 1 1 4 0 0 0 0 0
summary: 211727 2452 1463 52955 3307 3111 18052 676 668
